34 1684168407 0,600000 -1,000000 -101,000000 0,000000 0,000000
34 1684168408 0,600000 -1,000000 -101,000000 0,000000 0,000000
34 1684168409 0,600000 -1,000000 -101,000000 0,000000 0,000000
34 1684168410 0,600000 -1,000000 -101,000000 0,000000 0,000000
34 1684168411 0,600000 -1,000000 -101,000000 0,000000 0,000000
34 1684168412 1,000000 -1,000000 -101,000000 0,000000 0,000000
34 1684168413 1,000000 -1,000000 -101,000000 0,000000 0,000000
34 1684168414 1,000000 -1,000000 -101,000000 0,000000 0,000000
34 1684168415 1,000000 -1,000000 -101,000000 0,000000 0,000000
34 1684168416 1,000000 -1,000000 -101,000000 0,000000 0,000000
34 1684168417 1,200000 -1,000000 -101,000000 0,000000 0,000000
34 1684168418 1,200000 -1,000000 -101,000000 0,000000 0,000000
34 1684168419 1,200000 -1,000000 -101,000000 0,000000 0,000000
34 1684168420 1,200000 -1,000000 -101,000000 0,000000 0,000000
34 1684168421 1,200000 -1,000000 -101,000000 0,000000 0,000000
34 1684168422 0,400000 -1,000000 -101,000000 0,000000 0,000000
34 1684168423 0,400000 -1,000000 -101,000000 0,000000 0,000000
34 1684168424 0,400000 -1,000000 -101,000000 0,000000 0,000000
34 1684168425 0,400000 -1,000000 -101,000000 0,000000 0,000000
34 1684168426 0,400000 -1,000000 -101,000000 0,000000 0,000000
34 1684168427 0,800000 -1,000000 -101,000000 0,000000 0,000000
34 1684168428 0,800000 -1,000000 -101,000000 0,000000 0,000000
34 1684168429 0,800000 -1,000000 -101,000000 0,000000 0,000000
34 1684168430 0,800000 -1,000000 -101,000000 0,000000 0,000000
34 1684168431 0,800000 -1,000000 -101,000000 0,000000 0,000000
34 1684168432 0,400000 -1,000000 -101,000000 0,000000 0,000000
34 1684168433 0,400000 -1,000000 -101,000000 0,000000 0,000000
34 1684168434 0,400000 -1,000000 -101,000000 0,000000 0,000000
34 1684168435 0,400000 -1,000000 -101,000000 0,000000 0,000000
34 1684168436 0,400000 -1,000000 -101,000000 0,000000 0,000000
34 1684168437 0,200000 -1,000000 -101,000000 0,000000 0,000000
34 1684168438 0,200000 -1,000000 -101,000000 0,000000 0,000000
34 1684168439 0,200000 -1,000000 -101,000000 0,000000 0,000000
34 1684168440 0,200000 -1,000000 -101,000000 0,000000 0,000000
34 1684168441 0,200000 -1,000000 -101,000000 0,000000 0,000000
34 1684168447 0,400000 -1,000000 -101,000000 0,000000 0,000000
34 1684168448 0,400000 -1,000000 -101,000000 0,000000 0,000000
34 1684168449 0,400000 -1,000000 -101,000000 0,000000 0,000000
34 1684168450 0,400000 -1,000000 -101,000000 0,000000 0,000000
34 1684168451 0,400000 -1,000000 -101,000000 0,000000 0,000000
34 1684168452 0,200000 -1,000000 -101,000000 0,000000 0,000000
34 1684168453 0,200000 -1,000000 -101,000000 0,000000 0,000000
34 1684168454 0,200000 -1,000000 -101,000000 0,000000 0,000000
34 1684168455 0,200000 -1,000000 -101,000000 0,000000 0,000000
34 1684168456 0,200000 -1,000000 -101,000000 0,000000 0,000000
34 1684168462 0,400000 -1,000000 -101,000000 0,000000 0,000000
34 1684168463 0,400000 -1,000000 -101,000000 0,000000 0,000000
34 1684168464 0,400000 -1,000000 -101,000000 0,000000 0,000000
34 1684168465 0,400000 -1,000000 -101,000000 0,000000 0,000000
34 1684168466 0,400000 -1,000000 -101,000000 0,000000 0,000000
34 1684168467 0,600000 -1,000000 -101,000000 0,000000 0,000000
34 1684168468 0,600000 -1,000000 -101,000000 0,000000 0,000000
34 1684168469 0,600000 -1,000000 -101,000000 0,000000 0,000000
34 1684168470 0,600000 -1,000000 -101,000000 0,000000 0,000000
34 1684168471 0,600000 -1,000000 -101,000000 0,000000 0,000000
34 1684168477 0,200000 -1,000000 -101,000000 0,000000 0,000000
34 1684168478 0,200000 -1,000000 -101,000000 0,000000 0,000000
34 1684168479 0,200000 -1,000000 -101,000000 0,000000 0,000000
34 1684168480 0,200000 -1,000000 -101,000000 0,000000 0,000000
34 1684168481 0,200000 -1,000000 -101,000000 0,000000 0,000000
34 1684168492 0,200000 -1,000000 -101,000000 0,000000 0,000000
34 1684168493 0,200000 -1,000000 -101,000000 0,000000 0,000000
34 1684168494 0,200000 -1,000000 -101,000000 0,000000 0,000000
34 1684168495 0,200000 -1,000000 -101,000000 0,000000 0,000000
34 1684168496 0,200000 -1,000000 -101,000000 0,000000 0,000000
34 1684168497 0,200000 -1,000000 -101,000000 0,000000 0,000000
34 1684168498 0,200000 -1,000000 -101,000000 0,000000 0,000000
34 1684168499 0,200000 -1,000000 -101,000000 0,000000 0,000000
34 1684168500 0,200000 -1,000000 -101,000000 0,000000 0,000000
34 1684168501 0,200000 -1,000000 -101,000000 0,000000 0,000000
34 1684168502 1,000000 -1,000000 -101,000000 0,000000 0,000000
34 1684168503 1,000000 -1,000000 -101,000000 0,000000 0,000000
34 1684168504 1,000000 -1,000000 -101,000000 0,000000 0,000000
34 1684168505 1,000000 -1,000000 -101,000000 0,000000 0,000000
34 1684168506 1,000000 -1,000000 -101,000000 0,000000 0,000000
34 1684168517 0,600000 -1,000000 -101,000000 0,000000 0,000000
34 1684168518 0,600000 -1,000000 -101,000000 0,000000 0,000000
34 1684168519 0,600000 -1,000000 -101,000000 0,000000 0,000000
34 1684168520 0,600000 -1,000000 -101,000000 0,000000 0,000000
34 1684168521 0,600000 -1,000000 -101,000000 0,000000 0,000000
34 1684168522 0,400000 -1,000000 -101,000000 0,000000 0,000000
34 1684168523 0,400000 -1,000000 -101,000000 0,000000 0,000000
34 1684168524 0,400000 -1,000000 -101,000000 0,000000 0,000000
34 1684168525 0,400000 -1,000000 -101,000000 0,000000 0,000000
34 1684168526 0,400000 -1,000000 -101,000000 0,000000 0,000000
34 1684168527 0,400000 -1,000000 -101,000000 0,000000 0,000000
34 1684168528 0,400000 -1,000000 -101,000000 0,000000 0,000000
34 1684168529 0,400000 -1,000000 -101,000000 0,000000 0,000000
34 1684168530 0,400000 -1,000000 -101,000000 0,000000 0,000000
34 1684168531 0,400000 -1,000000 -101,000000 0,000000 0,000000
34 1684168537 0,400000 -1,000000 -101,000000 0,000000 0,000000
34 1684168538 0,400000 -1,000000 -101,000000 0,000000 0,000000
34 1684168539 0,400000 -1,000000 -101,000000 0,000000 0,000000
34 1684168540 0,400000 -1,000000 -101,000000 0,000000 0,000000
34 1684168541 0,400000 -1,000000 -101,000000 0,000000 0,000000
34 1684168542 0,400000 -1,000000 -101,000000 0,000000 0,000000
34 1684168543 0,400000 -1,000000 -101,000000 0,000000 0,000000
34 1684168544 0,400000 -1,000000 -101,000000 0,000000 0,000000
34 1684168545 0,400000 -1,000000 -101,000000 0,000000 0,000000
34 1684168546 0,400000 -1,000000 -101,000000 0,000000 0,000000
34 1684168562 0,200000 -1,000000 -101,000000 0,000000 0,000000
34 1684168563 0,200000 -1,000000 -101,000000 0,000000 0,000000
34 1684168564 0,200000 -1,000000 -101,000000 0,000000 0,000000
34 1684168565 0,200000 -1,000000 -101,000000 0,000000 0,000000
34 1684168566 0,200000 -1,000000 -101,000000 0,000000 0,000000
34 1684168567 0,400000 -1,000000 -101,000000 0,000000 0,000000
34 1684168568 0,400000 -1,000000 -101,000000 0,000000 0,000000
34 1684168569 0,400000 -1,000000 -101,000000 0,000000 0,000000
34 1684168570 0,400000 -1,000000 -101,000000 0,000000 0,000000
34 1684168571 0,400000 -1,000000 -101,000000 0,000000 0,000000
34 1684168577 0,400000 -1,000000 -101,000000 0,000000 0,000000
34 1684168578 0,400000 -1,000000 -101,000000 0,000000 0,000000
34 1684168579 0,400000 -1,000000 -101,000000 0,000000 0,000000
34 1684168580 0,400000 -1,000000 -101,000000 0,000000 0,000000
34 1684168581 0,400000 -1,000000 -101,000000 0,000000 0,000000
34 1684168582 0,200000 -1,000000 -101,000000 0,000000 0,000000
34 1684168583 0,200000 -1,000000 -101,000000 0,000000 0,000000
34 1684168584 0,200000 -1,000000 -101,000000 0,000000 0,000000
34 1684168585 0,200000 -1,000000 -101,000000 0,000000 0,000000
34 1684168586 0,200000 -1,000000 -101,000000 0,000000 0,000000
34 1684168587 0,200000 -1,000000 -101,000000 0,000000 0,000000
34 1684168588 0,200000 -1,000000 -101,000000 0,000000 0,000000
34 1684168589 0,200000 -1,000000 -101,000000 0,000000 0,000000
34 1684168590 0,200000 -1,000000 -101,000000 0,000000 0,000000
34 1684168591 0,200000 -1,000000 -101,000000 0,000000 0,000000
34 1684168592 0,200000 -1,000000 -101,000000 0,000000 0,000000
34 1684168593 0,200000 -1,000000 -101,000000 0,000000 0,000000
34 1684168594 0,200000 -1,000000 -101,000000 0,000000 0,000000
34 1684168595 0,200000 -1,000000 -101,000000 0,000000 0,000000
34 1684168596 0,200000 -1,000000 -101,000000 0,000000 0,000000
34 1684168602 0,800000 -1,000000 -101,000000 0,000000 0,000000
34 1684168603 0,800000 -1,000000 -101,000000 0,000000 0,000000
34 1684168604 0,800000 -1,000000 -101,000000 0,000000 0,000000
34 1684168605 0,800000 -1,000000 -101,000000 0,000000 0,000000
34 1684168606 0,800000 -1,000000 -101,000000 0,000000 0,000000
34 1684168617 0,800000 -1,000000 -101,000000 0,000000 0,000000
34 1684168618 0,800000 -1,000000 -101,000000 0,000000 0,000000
34 1684168619 0,800000 -1,000000 -101,000000 0,000000 0,000000
34 1684168620 0,800000 -1,000000 -101,000000 0,000000 0,000000
34 1684168621 0,800000 -1,000000 -101,000000 0,000000 0,000000
34 1684168622 0,400000 -1,000000 -101,000000 0,000000 0,000000
34 1684168623 0,400000 -1,000000 -101,000000 0,000000 0,000000
34 1684168624 0,400000 -1,000000 -101,000000 0,000000 0,000000
34 1684168625 0,400000 -1,000000 -101,000000 0,000000 0,000000
34 1684168626 0,400000 -1,000000 -101,000000 0,000000 0,000000
34 1684168627 0,400000 -1,000000 -101,000000 0,000000 0,000000
34 1684168628 0,400000 -1,000000 -101,000000 0,000000 0,000000
34 1684168629 0,400000 -1,000000 -101,000000 0,000000 0,000000
34 1684168630 0,400000 -1,000000 -101,000000 0,000000 0,000000
34 1684168631 0,400000 -1,000000 -101,000000 0,000000 0,000000
34 1684168632 0,200000 -1,000000 -101,000000 0,000000 0,000000
34 1684168633 0,200000 -1,000000 -101,000000 0,000000 0,000000
34 1684168634 0,200000 -1,000000 -101,000000 0,000000 0,000000
34 1684168635 0,200000 -1,000000 -101,000000 0,000000 0,000000
34 1684168636 0,200000 -1,000000 -101,000000 0,000000 0,000000
34 1684168642 0,200000 -1,000000 -101,000000 0,000000 0,000000
34 1684168643 0,200000 -1,000000 -101,000000 0,000000 0,000000
34 1684168644 0,200000 -1,000000 -101,000000 0,000000 0,000000
34 1684168645 0,200000 -1,000000 -101,000000 0,000000 0,000000
34 1684168646 0,200000 -1,000000 -101,000000 0,000000 0,000000
34 1684168647 0,200000 -1,000000 -101,000000 0,000000 0,000000
34 1684168648 0,200000 -1,000000 -101,000000 0,000000 0,000000
34 1684168649 0,200000 -1,000000 -101,000000 0,000000 0,000000
34 1684168650 0,200000 -1,000000 -101,000000 0,000000 0,000000
34 1684168651 0,200000 -1,000000 -101,000000 0,000000 0,000000
34 1684168652 0,200000 -1,000000 -101,000000 0,000000 0,000000
34 1684168653 0,200000 -1,000000 -101,000000 0,000000 0,000000
34 1684168654 0,200000 -1,000000 -101,000000 0,000000 0,000000
34 1684168655 0,200000 -1,000000 -101,000000 0,000000 0,000000
34 1684168656 0,200000 -1,000000 -101,000000 0,000000 0,000000
34 1684168657 0,200000 -1,000000 -101,000000 0,000000 0,000000
34 1684168658 0,200000 -1,000000 -101,000000 0,000000 0,000000
34 1684168659 0,200000 -1,000000 -101,000000 0,000000 0,000000
34 1684168660 0,200000 -1,000000 -101,000000 0,000000 0,000000
34 1684168661 0,200000 -1,000000 -101,000000 0,000000 0,000000
34 1684168662 0,200000 -1,000000 -101,000000 0,000000 0,000000
34 1684168663 0,200000 -1,000000 -101,000000 0,000000 0,000000
34 1684168664 0,200000 -1,000000 -101,000000 0,000000 0,000000
34 1684168665 0,200000 -1,000000 -101,000000 0,000000 0,000000
34 1684168666 0,200000 -1,000000 -101,000000 0,000000 0,000000
34 1684168667 0,200000 -1,000000 -101,000000 0,000000 0,000000
34 1684168668 0,200000 -1,000000 -101,000000 0,000000 0,000000
34 1684168669 0,200000 -1,000000 -101,000000 0,000000 0,000000
34 1684168670 0,200000 -1,000000 -101,000000 0,000000 0,000000
34 1684168671 0,200000 -1,000000 -101,000000 0,000000 0,000000
34 1684168672 0,400000 -1,000000 -101,000000 0,000000 0,000000
34 1684168673 0,400000 -1,000000 -101,000000 0,000000 0,000000
34 1684168674 0,400000 -1,000000 -101,000000 0,000000 0,000000
34 1684168675 0,400000 -1,000000 -101,000000 0,000000 0,000000
34 1684168676 0,400000 -1,000000 -101,000000 0,000000 0,000000
34 1684168677 0,200000 -1,000000 -101,000000 0,000000 0,000000
34 1684168678 0,200000 -1,000000 -101,000000 0,000000 0,000000
34 1684168679 0,200000 -1,000000 -101,000000 0,000000 0,000000
34 1684168680 0,200000 -1,000000 -101,000000 0,000000 0,000000
34 1684168681 0,200000 -1,000000 -101,000000 0,000000 0,000000
34 1684168687 0,400000 -1,000000 -101,000000 0,000000 0,000000
34 1684168688 0,400000 -1,000000 -101,000000 0,000000 0,000000
34 1684168689 0,400000 -1,000000 -101,000000 0,000000 0,000000
34 1684168690 0,400000 -1,000000 -101,000000 0,000000 0,000000
34 1684168691 0,400000 -1,000000 -101,000000 0,000000 0,000000
34 1684168692 0,200000 -1,000000 -101,000000 0,000000 0,000000
34 1684168693 0,200000 -1,000000 -101,000000 0,000000 0,000000
34 1684168694 0,200000 -1,000000 -101,000000 0,000000 0,000000
34 1684168695 0,200000 -1,000000 -101,000000 0,000000 0,000000
34 1684168696 0,200000 -1,000000 -101,000000 0,000000 0,000000
34 1684168697 0,200000 -1,000000 -101,000000 0,000000 0,000000
34 1684168698 0,200000 -1,000000 -101,000000 0,000000 0,000000
34 1684168699 0,200000 -1,000000 -101,000000 0,000000 0,000000
34 1684168700 0,200000 -1,000000 -101,000000 0,000000 0,000000
34 1684168701 0,200000 -1,000000 -101,000000 0,000000 0,000000
34 1684168712 0,200000 -1,000000 -101,000000 0,000000 0,000000
34 1684168713 0,200000 -1,000000 -101,000000 0,000000 0,000000
34 1684168714 0,200000 -1,000000 -101,000000 0,000000 0,000000
34 1684168715 0,200000 -1,000000 -101,000000 0,000000 0,000000
34 1684168716 0,200000 -1,000000 -101,000000 0,000000 0,000000
34 1684168717 0,400000 -1,000000 -101,000000 0,000000 0,000000
34 1684168718 0,400000 -1,000000 -101,000000 0,000000 0,000000
34 1684168719 0,400000 -1,000000 -101,000000 0,000000 0,000000
34 1684168720 0,400000 -1,000000 -101,000000 0,000000 0,000000
34 1684168721 0,400000 -1,000000 -101,000000 0,000000 0,000000
34 1684168722 0,200000 -1,000000 -101,000000 0,000000 0,000000
34 1684168723 0,200000 -1,000000 -101,000000 0,000000 0,000000
34 1684168724 0,200000 -1,000000 -101,000000 0,000000 0,000000
34 1684168725 0,200000 -1,000000 -101,000000 0,000000 0,000000
34 1684168726 0,200000 -1,000000 -101,000000 0,000000 0,000000
34 1684168727 0,200000 -1,000000 -101,000000 0,000000 0,000000
34 1684168728 0,200000 -1,000000 -101,000000 0,000000 0,000000
34 1684168729 0,200000 -1,000000 -101,000000 0,000000 0,000000
34 1684168730 0,200000 -1,000000 -101,000000 0,000000 0,000000
34 1684168731 0,200000 -1,000000 -101,000000 0,000000 0,000000
34 1684168732 0,200000 -1,000000 -101,000000 0,000000 0,000000
34 1684168733 0,200000 -1,000000 -101,000000 0,000000 0,000000
34 1684168734 0,200000 -1,000000 -101,000000 0,000000 0,000000
34 1684168735 0,200000 -1,000000 -101,000000 0,000000 0,000000
34 1684168736 0,200000 -1,000000 -101,000000 0,000000 0,000000
34 1684168737 0,200000 -1,000000 -101,000000 0,000000 0,000000
34 1684168738 0,200000 -1,000000 -101,000000 0,000000 0,000000
34 1684168739 0,200000 -1,000000 -101,000000 0,000000 0,000000
34 1684168740 0,200000 -1,000000 -101,000000 0,000000 0,000000
34 1684168741 0,200000 -1,000000 -101,000000 0,000000 0,000000
34 1684168747 0,200000 -1,000000 -101,000000 0,000000 0,000000
34 1684168748 0,200000 -1,000000 -101,000000 0,000000 0,000000
34 1684168749 0,200000 -1,000000 -101,000000 0,000000 0,000000
34 1684168750 0,200000 -1,000000 -101,000000 0,000000 0,000000
34 1684168751 0,200000 -1,000000 -101,000000 0,000000 0,000000
34 1684168752 0,200000 -1,000000 -101,000000 0,000000 0,000000
34 1684168753 0,200000 -1,000000 -101,000000 0,000000 0,000000
34 1684168754 0,200000 -1,000000 -101,000000 0,000000 0,000000
34 1684168755 0,200000 -1,000000 -101,000000 0,000000 0,000000
34 1684168756 0,200000 -1,000000 -101,000000 0,000000 0,000000
34 1684168757 0,200000 -1,000000 -101,000000 0,000000 0,000000
34 1684168758 0,200000 -1,000000 -101,000000 0,000000 0,000000
34 1684168759 0,200000 -1,000000 -101,000000 0,000000 0,000000
34 1684168760 0,200000 -1,000000 -101,000000 0,000000 0,000000
34 1684168761 0,200000 -1,000000 -101,000000 0,000000 0,000000
34 1684168762 0,400000 -1,000000 -101,000000 0,000000 0,000000
34 1684168763 0,400000 -1,000000 -101,000000 0,000000 0,000000
34 1684168764 0,400000 -1,000000 -101,000000 0,000000 0,000000
34 1684168765 0,400000 -1,000000 -101,000000 0,000000 0,000000
34 1684168766 0,400000 -1,000000 -101,000000 0,000000 0,000000
34 1684168767 0,200000 -1,000000 -101,000000 0,000000 0,000000
34 1684168768 0,200000 -1,000000 -101,000000 0,000000 0,000000
34 1684168769 0,200000 -1,000000 -101,000000 0,000000 0,000000
34 1684168770 0,200000 -1,000000 -101,000000 0,000000 0,000000
34 1684168771 0,200000 -1,000000 -101,000000 0,000000 0,000000
34 1684168772 0,400000 -1,000000 -101,000000 0,000000 0,000000
34 1684168773 0,400000 -1,000000 -101,000000 0,000000 0,000000
34 1684168774 0,400000 -1,000000 -101,000000 0,000000 0,000000
34 1684168775 0,400000 -1,000000 -101,000000 0,000000 0,000000
34 1684168776 0,400000 -1,000000 -101,000000 0,000000 0,000000
34 1684168777 0,200000 -1,000000 -101,000000 0,000000 0,000000
34 1684168778 0,200000 -1,000000 -101,000000 0,000000 0,000000
34 1684168779 0,200000 -1,000000 -101,000000 0,000000 0,000000
34 1684168780 0,200000 -1,000000 -101,000000 0,000000 0,000000
34 1684168781 0,200000 -1,000000 -101,000000 0,000000 0,000000
34 1684168787 0,200000 -1,000000 -101,000000 0,000000 0,000000
34 1684168788 0,200000 -1,000000 -101,000000 0,000000 0,000000
34 1684168789 0,200000 -1,000000 -101,000000 0,000000 0,000000
34 1684168790 0,200000 -1,000000 -101,000000 0,000000 0,000000
34 1684168791 0,200000 -1,000000 -101,000000 0,000000 0,000000
34 1684168797 0,400000 -1,000000 -101,000000 0,000000 0,000000
34 1684168798 0,400000 -1,000000 -101,000000 0,000000 0,000000
34 1684168799 0,400000 -1,000000 -101,000000 0,000000 0,000000
34 1684168800 0,400000 -1,000000 -101,000000 0,000000 0,000000
34 1684168801 0,400000 -1,000000 -101,000000 0,000000 0,000000
34 1684168802 0,400000 -1,000000 -101,000000 0,000000 0,000000
34 1684168803 0,400000 -1,000000 -101,000000 0,000000 0,000000
34 1684168804 0,400000 -1,000000 -101,000000 0,000000 0,000000
34 1684168805 0,400000 -1,000000 -101,000000 0,000000 0,000000
34 1684168806 0,400000 -1,000000 -101,000000 0,000000 0,000000
34 1684168812 0,600000 -1,000000 -101,000000 0,000000 0,000000
34 1684168813 0,600000 -1,000000 -101,000000 0,000000 0,000000
34 1684168814 0,600000 -1,000000 -101,000000 0,000000 0,000000
34 1684168815 0,600000 -1,000000 -101,000000 0,000000 0,000000
34 1684168816 0,600000 -1,000000 -101,000000 0,000000 0,000000
34 1684168817 0,600000 -1,000000 -101,000000 0,000000 0,000000
34 1684168818 0,600000 -1,000000 -101,000000 0,000000 0,000000
34 1684168819 0,600000 -1,000000 -101,000000 0,000000 0,000000
34 1684168820 0,600000 -1,000000 -101,000000 0,000000 0,000000
34 1684168821 0,600000 -1,000000 -101,000000 0,000000 0,000000
34 1684168827 0,200000 -1,000000 -101,000000 0,000000 0,000000
34 1684168828 0,200000 -1,000000 -101,000000 0,000000 0,000000
34 1684168829 0,200000 -1,000000 -101,000000 0,000000 0,000000
34 1684168830 0,200000 -1,000000 -101,000000 0,000000 0,000000
34 1684168831 0,200000 -1,000000 -101,000000 0,000000 0,000000
34 1684168832 0,600000 -1,000000 -101,000000 0,000000 0,000000
34 1684168833 0,600000 -1,000000 -101,000000 0,000000 0,000000
34 1684168834 0,600000 -1,000000 -101,000000 0,000000 0,000000
34 1684168835 0,600000 -1,000000 -101,000000 0,000000 0,000000
34 1684168836 0,600000 -1,000000 -101,000000 0,000000 0,000000
34 1684168842 0,200000 -1,000000 -101,000000 0,000000 0,000000
34 1684168843 0,200000 -1,000000 -101,000000 0,000000 0,000000
34 1684168844 0,200000 -1,000000 -101,000000 0,000000 0,000000
34 1684168845 0,200000 -1,000000 -101,000000 0,000000 0,000000
34 1684168846 0,200000 -1,000000 -101,000000 0,000000 0,000000
34 1684168852 0,200000 -1,000000 -101,000000 0,000000 0,000000
34 1684168853 0,200000 -1,000000 -101,000000 0,000000 0,000000
34 1684168854 0,200000 -1,000000 -101,000000 0,000000 0,000000
34 1684168855 0,200000 -1,000000 -101,000000 0,000000 0,000000
34 1684168856 0,200000 -1,000000 -101,000000 0,000000 0,000000
34 1684168857 0,200000 -1,000000 -101,000000 0,000000 0,000000
34 1684168858 0,200000 -1,000000 -101,000000 0,000000 0,000000
34 1684168859 0,200000 -1,000000 -101,000000 0,000000 0,000000
34 1684168860 0,200000 -1,000000 -101,000000 0,000000 0,000000
34 1684168861 0,200000 -1,000000 -101,000000 0,000000 0,000000
34 1684168862 0,200000 -1,000000 -101,000000 0,000000 0,000000
34 1684168863 0,200000 -1,000000 -101,000000 0,000000 0,000000
34 1684168864 0,200000 -1,000000 -101,000000 0,000000 0,000000
34 1684168865 0,200000 -1,000000 -101,000000 0,000000 0,000000
34 1684168866 0,200000 -1,000000 -101,000000 0,000000 0,000000
34 1684168867 0,200000 -1,000000 -101,000000 0,000000 0,000000
34 1684168868 0,200000 -1,000000 -101,000000 0,000000 0,000000
34 1684168869 0,200000 -1,000000 -101,000000 0,000000 0,000000
34 1684168870 0,200000 -1,000000 -101,000000 0,000000 0,000000
34 1684168871 0,200000 -1,000000 -101,000000 0,000000 0,000000
34 1684168872 0,400000 -1,000000 -101,000000 0,000000 0,000000
34 1684168873 0,400000 -1,000000 -101,000000 0,000000 0,000000
34 1684168874 0,400000 -1,000000 -101,000000 0,000000 0,000000
34 1684168875 0,400000 -1,000000 -101,000000 0,000000 0,000000
34 1684168876 0,400000 -1,000000 -101,000000 0,000000 0,000000
34 1684168877 0,400000 -1,000000 -101,000000 0,000000 0,000000
34 1684168878 0,400000 -1,000000 -101,000000 0,000000 0,000000
34 1684168879 0,400000 -1,000000 -101,000000 0,000000 0,000000
34 1684168880 0,400000 -1,000000 -101,000000 0,000000 0,000000
34 1684168881 0,400000 -1,000000 -101,000000 0,000000 0,000000
34 1684168887 0,400000 -1,000000 -101,000000 0,000000 0,000000
34 1684168888 0,400000 -1,000000 -101,000000 0,000000 0,000000
34 1684168889 0,400000 -1,000000 -101,000000 0,000000 0,000000
34 1684168890 0,400000 -1,000000 -101,000000 0,000000 0,000000
34 1684168891 0,400000 -1,000000 -101,000000 0,000000 0,000000
34 1684168892 0,400000 -1,000000 -101,000000 0,000000 0,000000
34 1684168893 0,400000 -1,000000 -101,000000 0,000000 0,000000
34 1684168894 0,400000 -1,000000 -101,000000 0,000000 0,000000
34 1684168895 0,400000 -1,000000 -101,000000 0,000000 0,000000
34 1684168896 0,400000 -1,000000 -101,000000 0,000000 0,000000
34 1684168907 0,200000 -1,000000 -101,000000 0,000000 0,000000
34 1684168908 0,200000 -1,000000 -101,000000 0,000000 0,000000
34 1684168909 0,200000 -1,000000 -101,000000 0,000000 0,000000
34 1684168910 0,200000 -1,000000 -101,000000 0,000000 0,000000
34 1684168911 0,200000 -1,000000 -101,000000 0,000000 0,000000
34 1684168912 0,400000 -1,000000 -101,000000 0,000000 0,000000
34 1684168913 0,400000 -1,000000 -101,000000 0,000000 0,000000
34 1684168914 0,400000 -1,000000 -101,000000 0,000000 0,000000
34 1684168915 0,400000 -1,000000 -101,000000 0,000000 0,000000
34 1684168916 0,400000 -1,000000 -101,000000 0,000000 0,000000
34 1684168917 0,200000 -1,000000 -101,000000 0,000000 0,000000
34 1684168918 0,200000 -1,000000 -101,000000 0,000000 0,000000
34 1684168919 0,200000 -1,000000 -101,000000 0,000000 0,000000
34 1684168981 0,200000 -1,000000 0,200000 0,200000 0,000000
34 1684168980 0,200000 -1,000000 0,200000 0,200000 0,000000
34 1684168979 0,200000 -1,000000 0,200000 0,200000 0,000000
34 1684168978 0,200000 -1,000000 0,200000 0,200000 0,000000
34 1684168977 0,200000 -1,000000 0,200000 0,200000 0,000000
34 1684168976 0,600000 -1,000000 0,600000 0,600000 0,000000
34 1684168975 0,600000 -1,000000 0,600000 0,600000 0,000000
34 1684168974 0,600000 -1,000000 0,600000 0,600000 0,000000
34 1684168973 0,600000 -1,000000 0,600000 0,600000 0,000000
34 1684168972 0,600000 -1,000000 0,600000 0,600000 0,000000
34 1684168971 0,600000 -1,000000 0,600000 0,600000 0,000000
34 1684168970 0,600000 -1,000000 0,600000 0,600000 0,000000
34 1684168969 0,600000 -1,000000 0,600000 0,600000 0,000000
34 1684168968 0,600000 -1,000000 0,600000 0,600000 0,000000
34 1684168967 0,600000 -1,000000 0,600000 0,600000 0,000000
34 1684168951 0,200000 -1,000000 0,200000 0,200000 0,000000
34 1684168950 0,200000 -1,000000 0,200000 0,200000 0,000000
34 1684168949 0,200000 -1,000000 0,200000 0,200000 0,000000
34 1684168948 0,200000 -1,000000 0,200000 0,200000 0,000000
34 1684168947 0,200000 -1,000000 0,200000 0,200000 0,000000
34 1684168946 0,400000 -1,000000 0,400000 0,400000 0,000000
34 1684168945 0,400000 -1,000000 0,400000 0,400000 0,000000
34 1684168944 0,400000 -1,000000 0,400000 0,400000 0,000000
34 1684168943 0,400000 -1,000000 0,400000 0,400000 0,000000
34 1684168942 0,400000 -1,000000 0,400000 0,400000 0,000000
34 1684168936 0,800000 -1,000000 0,800000 0,800000 0,000000
34 1684168935 0,800000 -1,000000 0,800000 0,800000 0,000000
34 1684168934 0,800000 -1,000000 0,800000 0,800000 0,000000
34 1684168933 0,800000 -1,000000 0,800000 0,800000 0,000000
34 1684168932 0,800000 -1,000000 0,800000 0,800000 0,000000
34 1684168931 0,400000 -1,000000 0,400000 0,400000 0,000000
34 1684168930 0,400000 -1,000000 0,400000 0,400000 0,000000
34 1684168929 0,400000 -1,000000 0,400000 0,400000 0,000000
34 1684168928 0,400000 -1,000000 0,400000 0,400000 0,000000
34 1684168927 0,400000 -1,000000 0,400000 0,400000 0,000000
34 1684168926 0,400000 -1,000000 0,400000 0,400000 0,000000
34 1684168925 0,400000 -1,000000 0,400000 0,400000 0,000000
34 1684168924 0,400000 -1,000000 0,400000 0,400000 0,000000
34 1684168923 0,400000 -1,000000 0,400000 0,400000 0,000000
34 1684168922 0,400000 -1,000000 0,400000 0,400000 0,000000
34 1684168921 0,200000 -1,000000 0,200000 0,200000 0,000000
34 1684168920 0,200000 -1,000000 0,200000 0,200000 0,000000
34 1684168920 0,200000 -1,000000 -101,000000 0,000000 0,000000
34 1684168921 0,200000 -1,000000 -101,000000 0,000000 0,000000
34 1684168922 0,400000 -1,000000 -101,000000 0,000000 0,000000
34 1684168923 0,400000 -1,000000 -101,000000 0,000000 0,000000
34 1684168924 0,400000 -1,000000 -101,000000 0,000000 0,000000
34 1684168925 0,400000 -1,000000 -101,000000 0,000000 0,000000
34 1684168926 0,400000 -1,000000 -101,000000 0,000000 0,000000
34 1684168927 0,400000 -1,000000 -101,000000 0,000000 0,000000
34 1684168928 0,400000 -1,000000 -101,000000 0,000000 0,000000
34 1684168929 0,400000 -1,000000 -101,000000 0,000000 0,000000
34 1684168930 0,400000 -1,000000 -101,000000 0,000000 0,000000
34 1684168931 0,400000 -1,000000 -101,000000 0,000000 0,000000
34 1684168932 0,800000 -1,000000 -101,000000 0,000000 0,000000
34 1684168933 0,800000 -1,000000 -101,000000 0,000000 0,000000
34 1684168934 0,800000 -1,000000 -101,000000 0,000000 0,000000
34 1684168935 0,800000 -1,000000 -101,000000 0,000000 0,000000
34 1684168936 0,800000 -1,000000 -101,000000 0,000000 0,000000
34 1684168942 0,400000 -1,000000 -101,000000 0,000000 0,000000
34 1684168943 0,400000 -1,000000 -101,000000 0,000000 0,000000
34 1684168944 0,400000 -1,000000 -101,000000 0,000000 0,000000
34 1684168945 0,400000 -1,000000 -101,000000 0,000000 0,000000
34 1684168946 0,400000 -1,000000 -101,000000 0,000000 0,000000
34 1684168947 0,200000 -1,000000 -101,000000 0,000000 0,000000
34 1684168948 0,200000 -1,000000 -101,000000 0,000000 0,000000
34 1684168949 0,200000 -1,000000 -101,000000 0,000000 0,000000
34 1684168950 0,200000 -1,000000 -101,000000 0,000000 0,000000
34 1684168951 0,200000 -1,000000 -101,000000 0,000000 0,000000
34 1684168967 0,600000 -1,000000 -101,000000 0,000000 0,000000
34 1684168968 0,600000 -1,000000 -101,000000 0,000000 0,000000
34 1684168969 0,600000 -1,000000 -101,000000 0,000000 0,000000
34 1684168970 0,600000 -1,000000 -101,000000 0,000000 0,000000
34 1684168971 0,600000 -1,000000 -101,000000 0,000000 0,000000
34 1684168972 0,600000 -1,000000 -101,000000 0,000000 0,000000
34 1684168973 0,600000 -1,000000 -101,000000 0,000000 0,000000
34 1684168974 0,600000 -1,000000 -101,000000 0,000000 0,000000
34 1684168975 0,600000 -1,000000 -101,000000 0,000000 0,000000
34 1684168976 0,600000 -1,000000 -101,000000 0,000000 0,000000
34 1684168977 0,200000 -1,000000 -101,000000 0,000000 0,000000
34 1684168978 0,200000 -1,000000 -101,000000 0,000000 0,000000
34 1684168979 0,200000 -1,000000 -101,000000 0,000000 0,000000
34 1684168980 0,200000 -1,000000 -101,000000 0,000000 0,000000
34 1684168981 0,200000 -1,000000 -101,000000 0,000000 0,000000
34 1684169007 0,400000 -1,000000 -101,000000 0,000000 0,000000
34 1684169008 0,400000 -1,000000 -101,000000 0,000000 0,000000
34 1684169009 0,400000 -1,000000 -101,000000 0,000000 0,000000
34 1684169010 0,400000 -1,000000 -101,000000 0,000000 0,000000
34 1684169011 0,400000 -1,000000 -101,000000 0,000000 0,000000
34 1684169012 0,400000 -1,000000 -101,000000 0,000000 0,000000
34 1684169013 0,400000 -1,000000 -101,000000 0,000000 0,000000
34 1684169014 0,400000 -1,000000 -101,000000 0,000000 0,000000
34 1684169015 0,400000 -1,000000 -101,000000 0,000000 0,000000
34 1684169016 0,400000 -1,000000 -101,000000 0,000000 0,000000
34 1684169017 1,000000 -1,000000 -101,000000 0,000000 0,000000
34 1684169018 1,000000 -1,000000 -101,000000 0,000000 0,000000
34 1684169019 1,000000 -1,000000 -101,000000 0,000000 0,000000
34 1684169020 1,000000 -1,000000 -101,000000 0,000000 0,000000
34 1684169021 1,000000 -1,000000 -101,000000 0,000000 0,000000
34 1684169022 0,600000 -1,000000 -101,000000 0,000000 0,000000
34 1684169023 0,600000 -1,000000 -101,000000 0,000000 0,000000
34 1684169024 0,600000 -1,000000 -101,000000 0,000000 0,000000
34 1684169025 0,600000 -1,000000 -101,000000 0,000000 0,000000
34 1684169026 0,600000 -1,000000 -101,000000 0,000000 0,000000
34 1684169027 0,200000 -1,000000 -101,000000 0,000000 0,000000
34 1684169028 0,200000 -1,000000 -101,000000 0,000000 0,000000
34 1684169029 0,200000 -1,000000 -101,000000 0,000000 0,000000
34 1684169030 0,200000 -1,000000 -101,000000 0,000000 0,000000
34 1684169031 0,200000 -1,000000 -101,000000 0,000000 0,000000
34 1684169032 0,600000 -1,000000 -101,000000 0,000000 0,000000
34 1684169033 0,600000 -1,000000 -101,000000 0,000000 0,000000
34 1684169034 0,600000 -1,000000 -101,000000 0,000000 0,000000
34 1684169035 0,600000 -1,000000 -101,000000 0,000000 0,000000
34 1684169036 0,600000 -1,000000 -101,000000 0,000000 0,000000
34 1684169047 0,200000 -1,000000 -101,000000 0,000000 0,000000
34 1684169048 0,200000 -1,000000 -101,000000 0,000000 0,000000
34 1684169049 0,200000 -1,000000 -101,000000 0,000000 0,000000
34 1684169050 0,200000 -1,000000 -101,000000 0,000000 0,000000
34 1684169051 0,200000 -1,000000 -101,000000 0,000000 0,000000
34 1684169052 0,200000 -1,000000 -101,000000 0,000000 0,000000
34 1684169053 0,200000 -1,000000 -101,000000 0,000000 0,000000
34 1684169054 0,200000 -1,000000 -101,000000 0,000000 0,000000
34 1684169055 0,200000 -1,000000 -101,000000 0,000000 0,000000
34 1684169056 0,200000 -1,000000 -101,000000 0,000000 0,000000
34 1684169057 0,200000 -1,000000 -101,000000 0,000000 0,000000
34 1684169058 0,200000 -1,000000 -101,000000 0,000000 0,000000
34 1684169059 0,200000 -1,000000 -101,000000 0,000000 0,000000
34 1684169060 0,200000 -1,000000 -101,000000 0,000000 0,000000
34 1684169061 0,200000 -1,000000 -101,000000 0,000000 0,000000
34 1684169067 0,600000 -1,000000 -101,000000 0,000000 0,000000
34 1684169068 0,600000 -1,000000 -101,000000 0,000000 0,000000
34 1684169069 0,600000 -1,000000 -101,000000 0,000000 0,000000
34 1684169070 0,600000 -1,000000 -101,000000 0,000000 0,000000
34 1684169071 0,600000 -1,000000 -101,000000 0,000000 0,000000
34 1684169072 0,200000 -1,000000 -101,000000 0,000000 0,000000
34 1684169073 0,200000 -1,000000 -101,000000 0,000000 0,000000
34 1684169074 0,200000 -1,000000 -101,000000 0,000000 0,000000
34 1684169075 0,200000 -1,000000 -101,000000 0,000000 0,000000
34 1684169076 0,200000 -1,000000 -101,000000 0,000000 0,000000
34 1684169077 0,200000 -1,000000 -101,000000 0,000000 0,000000
34 1684169078 0,200000 -1,000000 -101,000000 0,000000 0,000000
34 1684169079 0,200000 -1,000000 -101,000000 0,000000 0,000000
34 1684169080 0,200000 -1,000000 -101,000000 0,000000 0,000000
34 1684169081 0,200000 -1,000000 -101,000000 0,000000 0,000000
34 1684169082 0,400000 -1,000000 -101,000000 0,000000 0,000000
34 1684169083 0,400000 -1,000000 -101,000000 0,000000 0,000000
34 1684169084 0,400000 -1,000000 -101,000000 0,000000 0,000000
34 1684169085 0,400000 -1,000000 -101,000000 0,000000 0,000000
34 1684169086 0,400000 -1,000000 -101,000000 0,000000 0,000000
34 1684169087 0,400000 -1,000000 -101,000000 0,000000 0,000000
34 1684169088 0,400000 -1,000000 -101,000000 0,000000 0,000000
34 1684169089 0,400000 -1,000000 -101,000000 0,000000 0,000000
34 1684169090 0,400000 -1,000000 -101,000000 0,000000 0,000000
34 1684169091 0,400000 -1,000000 -101,000000 0,000000 0,000000
34 1684169097 0,200000 -1,000000 -101,000000 0,000000 0,000000
34 1684169098 0,200000 -1,000000 -101,000000 0,000000 0,000000
34 1684169099 0,200000 -1,000000 -101,000000 0,000000 0,000000
34 1684169100 0,200000 -1,000000 -101,000000 0,000000 0,000000
34 1684169101 0,200000 -1,000000 -101,000000 0,000000 0,000000
34 1684169112 0,200000 -1,000000 -101,000000 0,000000 0,000000
34 1684169113 0,200000 -1,000000 -101,000000 0,000000 0,000000
34 1684169114 0,200000 -1,000000 -101,000000 0,000000 0,000000
34 1684169115 0,200000 -1,000000 -101,000000 0,000000 0,000000
34 1684169116 0,200000 -1,000000 -101,000000 0,000000 0,000000
34 1684169117 0,400000 -1,000000 -101,000000 0,000000 0,000000
34 1684169118 0,400000 -1,000000 -101,000000 0,000000 0,000000
34 1684169119 0,400000 -1,000000 -101,000000 0,000000 0,000000
34 1684169120 0,400000 -1,000000 -101,000000 0,000000 0,000000
34 1684169121 0,400000 -1,000000 -101,000000 0,000000 0,000000
34 1684169122 0,200000 -1,000000 -101,000000 0,000000 0,000000
34 1684169123 0,200000 -1,000000 -101,000000 0,000000 0,000000
34 1684169124 0,200000 -1,000000 -101,000000 0,000000 0,000000
34 1684169125 0,200000 -1,000000 -101,000000 0,000000 0,000000
34 1684169126 0,200000 -1,000000 -101,000000 0,000000 0,000000
34 1684169127 0,800000 -1,000000 -101,000000 0,000000 0,000000
34 1684169128 0,800000 -1,000000 -101,000000 0,000000 0,000000
34 1684169129 0,800000 -1,000000 -101,000000 0,000000 0,000000
34 1684169130 0,800000 -1,000000 -101,000000 0,000000 0,000000
34 1684169131 0,800000 -1,000000 -101,000000 0,000000 0,000000
34 1684169132 0,200000 -1,000000 -101,000000 0,000000 0,000000
34 1684169133 0,200000 -1,000000 -101,000000 0,000000 0,000000
34 1684169134 0,200000 -1,000000 -101,000000 0,000000 0,000000
34 1684169135 0,200000 -1,000000 -101,000000 0,000000 0,000000
34 1684169136 0,200000 -1,000000 -101,000000 0,000000 0,000000
34 1684169157 0,200000 -1,000000 -101,000000 0,000000 0,000000
34 1684169158 0,200000 -1,000000 -101,000000 0,000000 0,000000
34 1684169159 0,200000 -1,000000 -101,000000 0,000000 0,000000
34 1684169160 0,200000 -1,000000 -101,000000 0,000000 0,000000
34 1684169161 0,200000 -1,000000 -101,000000 0,000000 0,000000
34 1684169162 0,400000 -1,000000 -101,000000 0,000000 0,000000
34 1684169163 0,400000 -1,000000 -101,000000 0,000000 0,000000
34 1684169164 0,400000 -1,000000 -101,000000 0,000000 0,000000
34 1684169165 0,400000 -1,000000 -101,000000 0,000000 0,000000
34 1684169166 0,400000 -1,000000 -101,000000 0,000000 0,000000
34 1684169167 0,600000 -1,000000 -101,000000 0,000000 0,000000
34 1684169168 0,600000 -1,000000 -101,000000 0,000000 0,000000
34 1684169169 0,600000 -1,000000 -101,000000 0,000000 0,000000
34 1684169170 0,600000 -1,000000 -101,000000 0,000000 0,000000
34 1684169171 0,600000 -1,000000 -101,000000 0,000000 0,000000
34 1684169172 0,200000 -1,000000 -101,000000 0,000000 0,000000
34 1684169173 0,200000 -1,000000 -101,000000 0,000000 0,000000
34 1684169174 0,200000 -1,000000 -101,000000 0,000000 0,000000
34 1684169175 0,200000 -1,000000 -101,000000 0,000000 0,000000
34 1684169176 0,200000 -1,000000 -101,000000 0,000000 0,000000
34 1684169182 0,200000 -1,000000 -101,000000 0,000000 0,000000
34 1684169183 0,200000 -1,000000 -101,000000 0,000000 0,000000
34 1684169184 0,200000 -1,000000 -101,000000 0,000000 0,000000
34 1684169185 0,200000 -1,000000 -101,000000 0,000000 0,000000
34 1684169186 0,200000 -1,000000 -101,000000 0,000000 0,000000
34 1684169187 0,200000 -1,000000 -101,000000 0,000000 0,000000
34 1684169188 0,200000 -1,000000 -101,000000 0,000000 0,000000
34 1684169189 0,200000 -1,000000 -101,000000 0,000000 0,000000
34 1684169190 0,200000 -1,000000 -101,000000 0,000000 0,000000
34 1684169191 0,200000 -1,000000 -101,000000 0,000000 0,000000
34 1684169197 0,200000 -1,000000 -101,000000 0,000000 0,000000
34 1684169198 0,200000 -1,000000 -101,000000 0,000000 0,000000
34 1684169199 0,200000 -1,000000 -101,000000 0,000000 0,000000
34 1684169200 0,200000 -1,000000 -101,000000 0,000000 0,000000
34 1684169201 0,200000 -1,000000 -101,000000 0,000000 0,000000
34 1684169202 0,600000 -1,000000 -101,000000 0,000000 0,000000
34 1684169203 0,600000 -1,000000 -101,000000 0,000000 0,000000
34 1684169204 0,600000 -1,000000 -101,000000 0,000000 0,000000
34 1684169205 0,600000 -1,000000 -101,000000 0,000000 0,000000
34 1684169206 0,600000 -1,000000 -101,000000 0,000000 0,000000
34 1684169207 0,400000 -1,000000 -101,000000 0,000000 0,000000
34 1684169208 0,400000 -1,000000 -101,000000 0,000000 0,000000
34 1684169209 0,400000 -1,000000 -101,000000 0,000000 0,000000
34 1684169210 0,400000 -1,000000 -101,000000 0,000000 0,000000
34 1684169211 0,400000 -1,000000 -101,000000 0,000000 0,000000
34 1684169212 0,200000 -1,000000 -101,000000 0,000000 0,000000
34 1684169213 0,200000 -1,000000 -101,000000 0,000000 0,000000
34 1684169214 0,200000 -1,000000 -101,000000 0,000000 0,000000
34 1684169215 0,200000 -1,000000 -101,000000 0,000000 0,000000
34 1684169216 0,200000 -1,000000 -101,000000 0,000000 0,000000
34 1684169217 0,200000 -1,000000 -101,000000 0,000000 0,000000
34 1684169218 0,200000 -1,000000 -101,000000 0,000000 0,000000
34 1684169219 0,200000 -1,000000 -101,000000 0,000000 0,000000
34 1684169220 0,200000 -1,000000 -101,000000 0,000000 0,000000
34 1684169221 0,200000 -1,000000 -101,000000 0,000000 0,000000
34 1684169222 0,200000 -1,000000 -101,000000 0,000000 0,000000
34 1684169223 0,200000 -1,000000 -101,000000 0,000000 0,000000
34 1684169224 0,200000 -1,000000 -101,000000 0,000000 0,000000
34 1684169225 0,200000 -1,000000 -101,000000 0,000000 0,000000
34 1684169226 0,200000 -1,000000 -101,000000 0,000000 0,000000
34 1684169232 0,600000 -1,000000 -101,000000 0,000000 0,000000
34 1684169233 0,600000 -1,000000 -101,000000 0,000000 0,000000
34 1684169234 0,600000 -1,000000 -101,000000 0,000000 0,000000
34 1684169235 0,600000 -1,000000 -101,000000 0,000000 0,000000
34 1684169236 0,600000 -1,000000 -101,000000 0,000000 0,000000
34 1684169242 0,200000 -1,000000 -101,000000 0,000000 0,000000
34 1684169243 0,200000 -1,000000 -101,000000 0,000000 0,000000
34 1684169244 0,200000 -1,000000 -101,000000 0,000000 0,000000
34 1684169245 0,200000 -1,000000 -101,000000 0,000000 0,000000
34 1684169246 0,200000 -1,000000 -101,000000 0,000000 0,000000
34 1684169247 0,400000 -1,000000 -101,000000 0,000000 0,000000
34 1684169248 0,400000 -1,000000 -101,000000 0,000000 0,000000
34 1684169249 0,400000 -1,000000 -101,000000 0,000000 0,000000
34 1684169250 0,400000 -1,000000 -101,000000 0,000000 0,000000
34 1684169251 0,400000 -1,000000 -101,000000 0,000000 0,000000
34 1684169262 0,200000 -1,000000 -101,000000 0,000000 0,000000
34 1684169263 0,200000 -1,000000 -101,000000 0,000000 0,000000
34 1684169264 0,200000 -1,000000 -101,000000 0,000000 0,000000
34 1684169265 0,200000 -1,000000 -101,000000 0,000000 0,000000
34 1684169266 0,200000 -1,000000 -101,000000 0,000000 0,000000
34 1684169272 0,200000 -1,000000 -101,000000 0,000000 0,000000
34 1684169273 0,200000 -1,000000 -101,000000 0,000000 0,000000
34 1684169274 0,200000 -1,000000 -101,000000 0,000000 0,000000
34 1684169275 0,200000 -1,000000 -101,000000 0,000000 0,000000
34 1684169276 0,200000 -1,000000 -101,000000 0,000000 0,000000
34 1684169277 0,400000 -1,000000 -101,000000 0,000000 0,000000
34 1684169278 0,400000 -1,000000 -101,000000 0,000000 0,000000
34 1684169279 0,400000 -1,000000 -101,000000 0,000000 0,000000
34 1684169280 0,400000 -1,000000 -101,000000 0,000000 0,000000
34 1684169281 0,400000 -1,000000 -101,000000 0,000000 0,000000
34 1684169282 0,800000 -1,000000 -101,000000 0,000000 0,000000
34 1684169283 0,800000 -1,000000 -101,000000 0,000000 0,000000
34 1684169284 0,800000 -1,000000 -101,000000 0,000000 0,000000
34 1684169285 0,800000 -1,000000 -101,000000 0,000000 0,000000
34 1684169286 0,800000 -1,000000 -101,000000 0,000000 0,000000
34 1684169302 0,200000 -1,000000 -101,000000 0,000000 0,000000
34 1684169303 0,200000 -1,000000 -101,000000 0,000000 0,000000
34 1684169304 0,200000 -1,000000 -101,000000 0,000000 0,000000
34 1684169305 0,200000 -1,000000 -101,000000 0,000000 0,000000
34 1684169306 0,200000 -1,000000 -101,000000 0,000000 0,000000
34 1684169312 0,200000 -1,000000 -101,000000 0,000000 0,000000
34 1684169313 0,200000 -1,000000 -101,000000 0,000000 0,000000
34 1684169314 0,200000 -1,000000 -101,000000 0,000000 0,000000
34 1684169315 0,200000 -1,000000 -101,000000 0,000000 0,000000
34 1684169316 0,200000 -1,000000 -101,000000 0,000000 0,000000
34 1684169317 0,600000 -1,000000 -101,000000 0,000000 0,000000
34 1684169318 0,600000 -1,000000 -101,000000 0,000000 0,000000
34 1684169319 0,600000 -1,000000 -101,000000 0,000000 0,000000
34 1684169320 0,600000 -1,000000 -101,000000 0,000000 0,000000
34 1684169321 0,600000 -1,000000 -101,000000 0,000000 0,000000
34 1684169322 0,400000 -1,000000 -101,000000 0,000000 0,000000
34 1684169323 0,400000 -1,000000 -101,000000 0,000000 0,000000
34 1684169324 0,400000 -1,000000 -101,000000 0,000000 0,000000
34 1684169325 0,400000 -1,000000 -101,000000 0,000000 0,000000
34 1684169326 0,400000 -1,000000 -101,000000 0,000000 0,000000
34 1684169342 0,200000 -1,000000 -101,000000 0,000000 0,000000
34 1684169343 0,200000 -1,000000 -101,000000 0,000000 0,000000
34 1684169344 0,200000 -1,000000 -101,000000 0,000000 0,000000
34 1684169345 0,200000 -1,000000 -101,000000 0,000000 0,000000
34 1684169346 0,200000 -1,000000 -101,000000 0,000000 0,000000
34 1684169352 0,200000 -1,000000 -101,000000 0,000000 0,000000
34 1684169353 0,200000 -1,000000 -101,000000 0,000000 0,000000
34 1684169354 0,200000 -1,000000 -101,000000 0,000000 0,000000
34 1684169355 0,200000 -1,000000 -101,000000 0,000000 0,000000
34 1684169356 0,200000 -1,000000 -101,000000 0,000000 0,000000
34 1684169357 0,200000 -1,000000 -101,000000 0,000000 0,000000
34 1684169358 0,200000 -1,000000 -101,000000 0,000000 0,000000
34 1684169359 0,200000 -1,000000 -101,000000 0,000000 0,000000
34 1684169360 0,200000 -1,000000 -101,000000 0,000000 0,000000
34 1684169361 0,200000 -1,000000 -101,000000 0,000000 0,000000
34 1684169362 0,200000 -1,000000 -101,000000 0,000000 0,000000
34 1684169363 0,200000 -1,000000 -101,000000 0,000000 0,000000
34 1684169364 0,200000 -1,000000 -101,000000 0,000000 0,000000
34 1684169365 0,200000 -1,000000 -101,000000 0,000000 0,000000
34 1684169366 0,200000 -1,000000 -101,000000 0,000000 0,000000
34 1684169367 0,800000 -1,000000 -101,000000 0,000000 0,000000
34 1684169368 0,800000 -1,000000 -101,000000 0,000000 0,000000
34 1684169369 0,800000 -1,000000 -101,000000 0,000000 0,000000
34 1684169370 0,800000 -1,000000 -101,000000 0,000000 0,000000
34 1684169371 0,800000 -1,000000 -101,000000 0,000000 0,000000
34 1684169372 0,600000 -1,000000 -101,000000 0,000000 0,000000
34 1684169373 0,600000 -1,000000 -101,000000 0,000000 0,000000
34 1684169374 0,600000 -1,000000 -101,000000 0,000000 0,000000
34 1684169375 0,600000 -1,000000 -101,000000 0,000000 0,000000
34 1684169376 0,600000 -1,000000 -101,000000 0,000000 0,000000
34 1684169377 0,600000 -1,000000 -101,000000 0,000000 0,000000
34 1684169378 0,600000 -1,000000 -101,000000 0,000000 0,000000
34 1684169379 0,600000 -1,000000 -101,000000 0,000000 0,000000
34 1684169380 0,600000 -1,000000 -101,000000 0,000000 0,000000
34 1684169381 0,600000 -1,000000 -101,000000 0,000000 0,000000
34 1684169382 0,400000 -1,000000 -101,000000 0,000000 0,000000
34 1684169383 0,400000 -1,000000 -101,000000 0,000000 0,000000
34 1684169384 0,400000 -1,000000 -101,000000 0,000000 0,000000
34 1684169385 0,400000 -1,000000 -101,000000 0,000000 0,000000
34 1684169386 0,400000 -1,000000 -101,000000 0,000000 0,000000
34 1684169387 0,400000 -1,000000 -101,000000 0,000000 0,000000
34 1684169388 0,400000 -1,000000 -101,000000 0,000000 0,000000
34 1684169389 0,400000 -1,000000 -101,000000 0,000000 0,000000
34 1684169390 0,400000 -1,000000 -101,000000 0,000000 0,000000
34 1684169391 0,400000 -1,000000 -101,000000 0,000000 0,000000
34 1684169397 0,400000 -1,000000 -101,000000 0,000000 0,000000
34 1684169398 0,400000 -1,000000 -101,000000 0,000000 0,000000
34 1684169399 0,400000 -1,000000 -101,000000 0,000000 0,000000
34 1684169400 0,400000 -1,000000 -101,000000 0,000000 0,000000
34 1684169401 0,400000 -1,000000 -101,000000 0,000000 0,000000
34 1684169402 0,400000 -1,000000 -101,000000 0,000000 0,000000
34 1684169403 0,400000 -1,000000 -101,000000 0,000000 0,000000
34 1684169404 0,400000 -1,000000 -101,000000 0,000000 0,000000
34 1684169405 0,400000 -1,000000 -101,000000 0,000000 0,000000
34 1684169406 0,400000 -1,000000 -101,000000 0,000000 0,000000
34 1684169412 0,200000 -1,000000 -101,000000 0,000000 0,000000
34 1684169413 0,200000 -1,000000 -101,000000 0,000000 0,000000
34 1684169414 0,200000 -1,000000 -101,000000 0,000000 0,000000
34 1684169415 0,200000 -1,000000 -101,000000 0,000000 0,000000
34 1684169416 0,200000 -1,000000 -101,000000 0,000000 0,000000
34 1684169417 0,400000 -1,000000 -101,000000 0,000000 0,000000
34 1684169418 0,400000 -1,000000 -101,000000 0,000000 0,000000
34 1684169419 0,400000 -1,000000 -101,000000 0,000000 0,000000
34 1684169420 0,400000 -1,000000 -101,000000 0,000000 0,000000
34 1684169421 0,400000 -1,000000 -101,000000 0,000000 0,000000
34 1684169422 1,000000 -1,000000 -101,000000 0,000000 0,000000
34 1684169423 1,000000 -1,000000 -101,000000 0,000000 0,000000
34 1684169424 1,000000 -1,000000 -101,000000 0,000000 0,000000
34 1684169425 1,000000 -1,000000 -101,000000 0,000000 0,000000
34 1684169426 1,000000 -1,000000 -101,000000 0,000000 0,000000
34 1684169427 0,200000 -1,000000 -101,000000 0,000000 0,000000
34 1684169428 0,200000 -1,000000 -101,000000 0,000000 0,000000
34 1684169429 0,200000 -1,000000 -101,000000 0,000000 0,000000
34 1684169430 0,200000 -1,000000 -101,000000 0,000000 0,000000
34 1684169431 0,200000 -1,000000 -101,000000 0,000000 0,000000
34 1684169432 0,400000 -1,000000 -101,000000 0,000000 0,000000
34 1684169433 0,400000 -1,000000 -101,000000 0,000000 0,000000
34 1684169434 0,400000 -1,000000 -101,000000 0,000000 0,000000
34 1684169435 0,400000 -1,000000 -101,000000 0,000000 0,000000
34 1684169436 0,400000 -1,000000 -101,000000 0,000000 0,000000
34 1684169437 0,600000 -1,000000 -101,000000 0,000000 0,000000
34 1684169438 0,600000 -1,000000 -101,000000 0,000000 0,000000
34 1684169439 0,600000 -1,000000 -101,000000 0,000000 0,000000
34 1684169440 0,600000 -1,000000 -101,000000 0,000000 0,000000
34 1684169441 0,600000 -1,000000 -101,000000 0,000000 0,000000
34 1684169442 0,400000 -1,000000 -101,000000 0,000000 0,000000
34 1684169443 0,400000 -1,000000 -101,000000 0,000000 0,000000
34 1684169444 0,400000 -1,000000 -101,000000 0,000000 0,000000
34 1684169445 0,400000 -1,000000 -101,000000 0,000000 0,000000
34 1684169446 0,400000 -1,000000 -101,000000 0,000000 0,000000
34 1684169457 0,400000 -1,000000 -101,000000 0,000000 0,000000
34 1684169458 0,400000 -1,000000 -101,000000 0,000000 0,000000
34 1684169459 0,400000 -1,000000 -101,000000 0,000000 0,000000
34 1684169460 0,400000 -1,000000 -101,000000 0,000000 0,000000
34 1684169461 0,400000 -1,000000 -101,000000 0,000000 0,000000
34 1684169462 0,400000 -1,000000 -101,000000 0,000000 0,000000
34 1684169463 0,400000 -1,000000 -101,000000 0,000000 0,000000
34 1684169464 0,400000 -1,000000 -101,000000 0,000000 0,000000
34 1684169465 0,400000 -1,000000 -101,000000 0,000000 0,000000
34 1684169466 0,400000 -1,000000 -101,000000 0,000000 0,000000
34 1684169467 0,600000 -1,000000 -101,000000 0,000000 0,000000
34 1684169468 0,600000 -1,000000 -101,000000 0,000000 0,000000
34 1684169469 0,600000 -1,000000 -101,000000 0,000000 0,000000
34 1684169470 0,600000 -1,000000 -101,000000 0,000000 0,000000
34 1684169471 0,600000 -1,000000 -101,000000 0,000000 0,000000
34 1684169472 0,200000 -1,000000 -101,000000 0,000000 0,000000
34 1684169473 0,200000 -1,000000 -101,000000 0,000000 0,000000
34 1684169474 0,200000 -1,000000 -101,000000 0,000000 0,000000
34 1684169475 0,200000 -1,000000 -101,000000 0,000000 0,000000
34 1684169476 0,200000 -1,000000 -101,000000 0,000000 0,000000
34 1684169477 0,200000 -1,000000 -101,000000 0,000000 0,000000
34 1684169478 0,200000 -1,000000 -101,000000 0,000000 0,000000
34 1684169479 0,200000 -1,000000 -101,000000 0,000000 0,000000
34 1684169480 0,200000 -1,000000 -101,000000 0,000000 0,000000
34 1684169481 0,200000 -1,000000 -101,000000 0,000000 0,000000
34 1684169497 0,200000 -1,000000 -101,000000 0,000000 0,000000
34 1684169498 0,200000 -1,000000 -101,000000 0,000000 0,000000
34 1684169499 0,200000 -1,000000 -101,000000 0,000000 0,000000
34 1684169500 0,200000 -1,000000 -101,000000 0,000000 0,000000
34 1684169501 0,200000 -1,000000 -101,000000 0,000000 0,000000
34 1684169502 0,400000 -1,000000 -101,000000 0,000000 0,000000
34 1684169503 0,400000 -1,000000 -101,000000 0,000000 0,000000
34 1684169504 0,400000 -1,000000 -101,000000 0,000000 0,000000
34 1684169505 0,400000 -1,000000 -101,000000 0,000000 0,000000
34 1684169506 0,400000 -1,000000 -101,000000 0,000000 0,000000
34 1684169512 0,400000 -1,000000 -101,000000 0,000000 0,000000
34 1684169513 0,400000 -1,000000 -101,000000 0,000000 0,000000
34 1684169514 0,400000 -1,000000 -101,000000 0,000000 0,000000
34 1684169515 0,400000 -1,000000 -101,000000 0,000000 0,000000
34 1684169516 0,400000 -1,000000 -101,000000 0,000000 0,000000
34 1684169517 1,000000 -1,000000 -101,000000 0,000000 0,000000
34 1684169518 1,000000 -1,000000 -101,000000 0,000000 0,000000
34 1684169519 1,000000 -1,000000 -101,000000 0,000000 0,000000
34 1684169520 1,000000 -1,000000 -101,000000 0,000000 0,000000
34 1684169521 1,000000 -1,000000 -101,000000 0,000000 0,000000
34 1684169522 0,200000 -1,000000 -101,000000 0,000000 0,000000
34 1684169523 0,200000 -1,000000 -101,000000 0,000000 0,000000
34 1684169524 0,200000 -1,000000 -101,000000 0,000000 0,000000
34 1684169525 0,200000 -1,000000 -101,000000 0,000000 0,000000
34 1684169526 0,200000 -1,000000 -101,000000 0,000000 0,000000
34 1684169527 0,200000 -1,000000 -101,000000 0,000000 0,000000
34 1684169528 0,200000 -1,000000 -101,000000 0,000000 0,000000
34 1684169529 0,200000 -1,000000 -101,000000 0,000000 0,000000
34 1684169530 0,200000 -1,000000 -101,000000 0,000000 0,000000
34 1684169531 0,200000 -1,000000 -101,000000 0,000000 0,000000
34 1684169596 0,200000 -1,000000 0,200000 0,200000 0,000000
34 1684169595 0,200000 -1,000000 0,200000 0,200000 0,000000
34 1684169594 0,200000 -1,000000 0,200000 0,200000 0,000000
34 1684169593 0,200000 -1,000000 0,200000 0,200000 0,000000
34 1684169592 0,200000 -1,000000 0,200000 0,200000 0,000000
34 1684169576 0,200000 -1,000000 0,200000 0,200000 0,000000
34 1684169575 0,200000 -1,000000 0,200000 0,200000 0,000000
34 1684169574 0,200000 -1,000000 0,200000 0,200000 0,000000
34 1684169573 0,200000 -1,000000 0,200000 0,200000 0,000000
34 1684169572 0,200000 -1,000000 0,200000 0,200000 0,000000
34 1684169566 0,200000 -1,000000 0,200000 0,200000 0,000000
34 1684169565 0,200000 -1,000000 0,200000 0,200000 0,000000
34 1684169564 0,200000 -1,000000 0,200000 0,200000 0,000000
34 1684169563 0,200000 -1,000000 0,200000 0,200000 0,000000
34 1684169562 0,200000 -1,000000 0,200000 0,200000 0,000000
34 1684169561 0,200000 -1,000000 0,200000 0,200000 0,000000
34 1684169560 0,200000 -1,000000 0,200000 0,200000 0,000000
34 1684169559 0,200000 -1,000000 0,200000 0,200000 0,000000
34 1684169558 0,200000 -1,000000 0,200000 0,200000 0,000000
34 1684169557 0,200000 -1,000000 0,200000 0,200000 0,000000
34 1684169556 0,200000 -1,000000 0,200000 0,200000 0,000000
34 1684169555 0,200000 -1,000000 0,200000 0,200000 0,000000
34 1684169554 0,200000 -1,000000 0,200000 0,200000 0,000000
34 1684169553 0,200000 -1,000000 0,200000 0,200000 0,000000
34 1684169552 0,200000 -1,000000 0,200000 0,200000 0,000000
34 1684169541 0,400000 -1,000000 0,400000 0,400000 0,000000
34 1684169540 0,400000 -1,000000 0,400000 0,400000 0,000000
34 1684169539 0,400000 -1,000000 0,400000 0,400000 0,000000
34 1684169538 0,400000 -1,000000 0,400000 0,400000 0,000000
34 1684169537 0,400000 -1,000000 0,400000 0,400000 0,000000
34 1684169537 0,400000 -1,000000 -101,000000 0,000000 0,000000
34 1684169538 0,400000 -1,000000 -101,000000 0,000000 0,000000
34 1684169539 0,400000 -1,000000 -101,000000 0,000000 0,000000
34 1684169540 0,400000 -1,000000 -101,000000 0,000000 0,000000
34 1684169541 0,400000 -1,000000 -101,000000 0,000000 0,000000
34 1684169552 0,200000 -1,000000 -101,000000 0,000000 0,000000
34 1684169553 0,200000 -1,000000 -101,000000 0,000000 0,000000
34 1684169554 0,200000 -1,000000 -101,000000 0,000000 0,000000
34 1684169555 0,200000 -1,000000 -101,000000 0,000000 0,000000
34 1684169556 0,200000 -1,000000 -101,000000 0,000000 0,000000
34 1684169557 0,200000 -1,000000 -101,000000 0,000000 0,000000
34 1684169558 0,200000 -1,000000 -101,000000 0,000000 0,000000
34 1684169559 0,200000 -1,000000 -101,000000 0,000000 0,000000
34 1684169560 0,200000 -1,000000 -101,000000 0,000000 0,000000
34 1684169561 0,200000 -1,000000 -101,000000 0,000000 0,000000
34 1684169562 0,200000 -1,000000 -101,000000 0,000000 0,000000
34 1684169563 0,200000 -1,000000 -101,000000 0,000000 0,000000
34 1684169564 0,200000 -1,000000 -101,000000 0,000000 0,000000
34 1684169565 0,200000 -1,000000 -101,000000 0,000000 0,000000
34 1684169566 0,200000 -1,000000 -101,000000 0,000000 0,000000
34 1684169572 0,200000 -1,000000 -101,000000 0,000000 0,000000
34 1684169573 0,200000 -1,000000 -101,000000 0,000000 0,000000
34 1684169574 0,200000 -1,000000 -101,000000 0,000000 0,000000
34 1684169575 0,200000 -1,000000 -101,000000 0,000000 0,000000
34 1684169576 0,200000 -1,000000 -101,000000 0,000000 0,000000
34 1684169592 0,200000 -1,000000 -101,000000 0,000000 0,000000
34 1684169593 0,200000 -1,000000 -101,000000 0,000000 0,000000
34 1684169594 0,200000 -1,000000 -101,000000 0,000000 0,000000
34 1684169595 0,200000 -1,000000 -101,000000 0,000000 0,000000
34 1684169596 0,200000 -1,000000 -101,000000 0,000000 0,000000
34 1684169597 0,400000 -1,000000 -101,000000 0,000000 0,000000
34 1684169598 0,400000 -1,000000 -101,000000 0,000000 0,000000
34 1684169599 0,400000 -1,000000 -101,000000 0,000000 0,000000
34 1684169600 0,400000 -1,000000 -101,000000 0,000000 0,000000
34 1684169601 0,400000 -1,000000 -101,000000 0,000000 0,000000
34 1684169602 0,200000 -1,000000 -101,000000 0,000000 0,000000
34 1684169603 0,200000 -1,000000 -101,000000 0,000000 0,000000
34 1684169604 0,200000 -1,000000 -101,000000 0,000000 0,000000
34 1684169605 0,200000 -1,000000 -101,000000 0,000000 0,000000
34 1684169606 0,200000 -1,000000 -101,000000 0,000000 0,000000
34 1684169607 0,400000 -1,000000 -101,000000 0,000000 0,000000
34 1684169608 0,400000 -1,000000 -101,000000 0,000000 0,000000
34 1684169609 0,400000 -1,000000 -101,000000 0,000000 0,000000
34 1684169610 0,400000 -1,000000 -101,000000 0,000000 0,000000
34 1684169611 0,400000 -1,000000 -101,000000 0,000000 0,000000
34 1684169612 0,400000 -1,000000 -101,000000 0,000000 0,000000
34 1684169613 0,400000 -1,000000 -101,000000 0,000000 0,000000
34 1684169614 0,400000 -1,000000 -101,000000 0,000000 0,000000
34 1684169615 0,400000 -1,000000 -101,000000 0,000000 0,000000
34 1684169616 0,400000 -1,000000 -101,000000 0,000000 0,000000
34 1684169617 0,800000 -1,000000 -101,000000 0,000000 0,000000
34 1684169618 0,800000 -1,000000 -101,000000 0,000000 0,000000
34 1684169619 0,800000 -1,000000 -101,000000 0,000000 0,000000
34 1684169620 0,800000 -1,000000 -101,000000 0,000000 0,000000
34 1684169621 0,800000 -1,000000 -101,000000 0,000000 0,000000
34 1684169622 0,200000 -1,000000 -101,000000 0,000000 0,000000
34 1684169623 0,200000 -1,000000 -101,000000 0,000000 0,000000
34 1684169624 0,200000 -1,000000 -101,000000 0,000000 0,000000
34 1684169625 0,200000 -1,000000 -101,000000 0,000000 0,000000
34 1684169626 0,200000 -1,000000 -101,000000 0,000000 0,000000
34 1684169627 0,800000 -1,000000 -101,000000 0,000000 0,000000
34 1684169628 0,800000 -1,000000 -101,000000 0,000000 0,000000
34 1684169629 0,800000 -1,000000 -101,000000 0,000000 0,000000
34 1684169630 0,800000 -1,000000 -101,000000 0,000000 0,000000
34 1684169631 0,800000 -1,000000 -101,000000 0,000000 0,000000
34 1684169632 0,200000 -1,000000 -101,000000 0,000000 0,000000
34 1684169633 0,200000 -1,000000 -101,000000 0,000000 0,000000
34 1684169634 0,200000 -1,000000 -101,000000 0,000000 0,000000
34 1684169635 0,200000 -1,000000 -101,000000 0,000000 0,000000
34 1684169636 0,200000 -1,000000 -101,000000 0,000000 0,000000
34 1684169637 0,400000 -1,000000 -101,000000 0,000000 0,000000
34 1684169638 0,400000 -1,000000 -101,000000 0,000000 0,000000
34 1684169639 0,400000 -1,000000 -101,000000 0,000000 0,000000
34 1684169640 0,400000 -1,000000 -101,000000 0,000000 0,000000
34 1684169641 0,400000 -1,000000 -101,000000 0,000000 0,000000
34 1684169647 0,400000 -1,000000 -101,000000 0,000000 0,000000
34 1684169648 0,400000 -1,000000 -101,000000 0,000000 0,000000
34 1684169649 0,400000 -1,000000 -101,000000 0,000000 0,000000
34 1684169650 0,400000 -1,000000 -101,000000 0,000000 0,000000
34 1684169651 0,400000 -1,000000 -101,000000 0,000000 0,000000
34 1684169652 0,400000 -1,000000 -101,000000 0,000000 0,000000
34 1684169653 0,400000 -1,000000 -101,000000 0,000000 0,000000
34 1684169654 0,400000 -1,000000 -101,000000 0,000000 0,000000
34 1684169655 0,400000 -1,000000 -101,000000 0,000000 0,000000
34 1684169656 0,400000 -1,000000 -101,000000 0,000000 0,000000
34 1684169667 0,400000 -1,000000 -101,000000 0,000000 0,000000
34 1684169668 0,400000 -1,000000 -101,000000 0,000000 0,000000
34 1684169669 0,400000 -1,000000 -101,000000 0,000000 0,000000
34 1684169670 0,400000 -1,000000 -101,000000 0,000000 0,000000
34 1684169671 0,400000 -1,000000 -101,000000 0,000000 0,000000
34 1684169672 0,400000 -1,000000 -101,000000 0,000000 0,000000
34 1684169673 0,400000 -1,000000 -101,000000 0,000000 0,000000
34 1684169674 0,400000 -1,000000 -101,000000 0,000000 0,000000
34 1684169675 0,400000 -1,000000 -101,000000 0,000000 0,000000
34 1684169676 0,400000 -1,000000 -101,000000 0,000000 0,000000
34 1684169682 0,200000 -1,000000 -101,000000 0,000000 0,000000
34 1684169683 0,200000 -1,000000 -101,000000 0,000000 0,000000
34 1684169684 0,200000 -1,000000 -101,000000 0,000000 0,000000
34 1684169685 0,200000 -1,000000 -101,000000 0,000000 0,000000
34 1684169686 0,200000 -1,000000 -101,000000 0,000000 0,000000
34 1684169692 0,200000 -1,000000 -101,000000 0,000000 0,000000
34 1684169693 0,200000 -1,000000 -101,000000 0,000000 0,000000
34 1684169694 0,200000 -1,000000 -101,000000 0,000000 0,000000
34 1684169695 0,200000 -1,000000 -101,000000 0,000000 0,000000
34 1684169696 0,200000 -1,000000 -101,000000 0,000000 0,000000
34 1684169707 0,400000 -1,000000 -101,000000 0,000000 0,000000
34 1684169708 0,400000 -1,000000 -101,000000 0,000000 0,000000
34 1684169709 0,400000 -1,000000 -101,000000 0,000000 0,000000
34 1684169710 0,400000 -1,000000 -101,000000 0,000000 0,000000
34 1684169711 0,400000 -1,000000 -101,000000 0,000000 0,000000
34 1684169712 0,600000 -1,000000 -101,000000 0,000000 0,000000
34 1684169713 0,600000 -1,000000 -101,000000 0,000000 0,000000
34 1684169714 0,600000 -1,000000 -101,000000 0,000000 0,000000
34 1684169715 0,600000 -1,000000 -101,000000 0,000000 0,000000
34 1684169716 0,600000 -1,000000 -101,000000 0,000000 0,000000
34 1684169717 0,200000 -1,000000 -101,000000 0,000000 0,000000
34 1684169718 0,200000 -1,000000 -101,000000 0,000000 0,000000
34 1684169719 0,200000 -1,000000 -101,000000 0,000000 0,000000
34 1684169720 0,200000 -1,000000 -101,000000 0,000000 0,000000
34 1684169721 0,200000 -1,000000 -101,000000 0,000000 0,000000
34 1684169722 0,200000 -1,000000 -101,000000 0,000000 0,000000
34 1684169723 0,200000 -1,000000 -101,000000 0,000000 0,000000
34 1684169724 0,200000 -1,000000 -101,000000 0,000000 0,000000
34 1684169725 0,200000 -1,000000 -101,000000 0,000000 0,000000
34 1684169726 0,200000 -1,000000 -101,000000 0,000000 0,000000
34 1684169747 0,200000 -1,000000 -101,000000 0,000000 0,000000
34 1684169748 0,200000 -1,000000 -101,000000 0,000000 0,000000
34 1684169749 0,200000 -1,000000 -101,000000 0,000000 0,000000
34 1684169750 0,200000 -1,000000 -101,000000 0,000000 0,000000
34 1684169751 0,200000 -1,000000 -101,000000 0,000000 0,000000
34 1684169752 0,600000 -1,000000 -101,000000 0,000000 0,000000
34 1684169753 0,600000 -1,000000 -101,000000 0,000000 0,000000
34 1684169754 0,600000 -1,000000 -101,000000 0,000000 0,000000
34 1684169755 0,600000 -1,000000 -101,000000 0,000000 0,000000
34 1684169756 0,600000 -1,000000 -101,000000 0,000000 0,000000
34 1684169757 0,400000 -1,000000 -101,000000 0,000000 0,000000
34 1684169758 0,400000 -1,000000 -101,000000 0,000000 0,000000
34 1684169759 0,400000 -1,000000 -101,000000 0,000000 0,000000
34 1684169760 0,400000 -1,000000 -101,000000 0,000000 0,000000
34 1684169761 0,400000 -1,000000 -101,000000 0,000000 0,000000
34 1684169762 0,200000 -1,000000 -101,000000 0,000000 0,000000
34 1684169763 0,200000 -1,000000 -101,000000 0,000000 0,000000
34 1684169764 0,200000 -1,000000 -101,000000 0,000000 0,000000
34 1684169765 0,200000 -1,000000 -101,000000 0,000000 0,000000
34 1684169766 0,200000 -1,000000 -101,000000 0,000000 0,000000
34 1684169767 0,400000 -1,000000 -101,000000 0,000000 0,000000
34 1684169768 0,400000 -1,000000 -101,000000 0,000000 0,000000
34 1684169769 0,400000 -1,000000 -101,000000 0,000000 0,000000
34 1684169770 0,400000 -1,000000 -101,000000 0,000000 0,000000
34 1684169771 0,400000 -1,000000 -101,000000 0,000000 0,000000
34 1684169836 0,200000 -1,000000 0,200000 0,200000 0,000000
34 1684169835 0,200000 -1,000000 0,200000 0,200000 0,000000
34 1684169834 0,200000 -1,000000 0,200000 0,200000 0,000000
34 1684169833 0,200000 -1,000000 0,200000 0,200000 0,000000
34 1684169832 0,200000 -1,000000 0,200000 0,200000 0,000000
34 1684169821 0,200000 -1,000000 0,200000 0,200000 0,000000
34 1684169820 0,200000 -1,000000 0,200000 0,200000 0,000000
34 1684169819 0,200000 -1,000000 0,200000 0,200000 0,000000
34 1684169818 0,200000 -1,000000 0,200000 0,200000 0,000000
34 1684169817 0,200000 -1,000000 0,200000 0,200000 0,000000
34 1684169796 0,200000 -1,000000 0,200000 0,200000 0,000000
34 1684169795 0,200000 -1,000000 0,200000 0,200000 0,000000
34 1684169794 0,200000 -1,000000 0,200000 0,200000 0,000000
34 1684169793 0,200000 -1,000000 0,200000 0,200000 0,000000
34 1684169792 0,200000 -1,000000 0,200000 0,200000 0,000000
34 1684169786 0,200000 -1,000000 0,200000 0,200000 0,000000
34 1684169785 0,200000 -1,000000 0,200000 0,200000 0,000000
34 1684169784 0,200000 -1,000000 0,200000 0,200000 0,000000
34 1684169783 0,200000 -1,000000 0,200000 0,200000 0,000000
34 1684169782 0,200000 -1,000000 0,200000 0,200000 0,000000
34 1684169781 0,400000 -1,000000 0,400000 0,400000 0,000000
34 1684169780 0,400000 -1,000000 0,400000 0,400000 0,000000
34 1684169779 0,400000 -1,000000 0,400000 0,400000 0,000000
34 1684169778 0,400000 -1,000000 0,400000 0,400000 0,000000
34 1684169777 0,400000 -1,000000 0,400000 0,400000 0,000000
