28 1684168407 3,200000 -1,000000 -101,000000 0,000000 0,000000
28 1684168408 3,200000 -1,000000 -101,000000 0,000000 0,000000
28 1684168409 3,200000 -1,000000 -101,000000 0,000000 0,000000
28 1684168410 3,200000 -1,000000 -101,000000 0,000000 0,000000
28 1684168411 3,200000 -1,000000 -101,000000 0,000000 0,000000
28 1684168412 9,200000 -1,000000 -101,000000 0,000000 0,000000
28 1684168413 9,200000 -1,000000 -101,000000 0,000000 0,000000
28 1684168414 9,200000 -1,000000 -101,000000 0,000000 0,000000
28 1684168415 9,200000 -1,000000 -101,000000 0,000000 0,000000
28 1684168416 9,200000 -1,000000 -101,000000 0,000000 0,000000
28 1684168417 7,600000 -1,000000 -101,000000 0,000000 0,000000
28 1684168418 7,600000 -1,000000 -101,000000 0,000000 0,000000
28 1684168419 7,600000 -1,000000 -101,000000 0,000000 0,000000
28 1684168420 7,600000 -1,000000 -101,000000 0,000000 0,000000
28 1684168421 7,600000 -1,000000 -101,000000 0,000000 0,000000
28 1684168422 10,800000 -1,000000 -101,000000 0,000000 0,000000
28 1684168423 10,800000 -1,000000 -101,000000 0,000000 0,000000
28 1684168424 10,800000 -1,000000 -101,000000 0,000000 0,000000
28 1684168425 10,800000 -1,000000 -101,000000 0,000000 0,000000
28 1684168426 10,800000 -1,000000 -101,000000 0,000000 0,000000
28 1684168427 11,200000 -1,000000 -101,000000 0,000000 0,000000
28 1684168428 11,200000 -1,000000 -101,000000 0,000000 0,000000
28 1684168429 11,200000 -1,000000 -101,000000 0,000000 0,000000
28 1684168430 11,200000 -1,000000 -101,000000 0,000000 0,000000
28 1684168431 11,200000 -1,000000 -101,000000 0,000000 0,000000
28 1684168432 4,000000 -1,000000 -101,000000 0,000000 0,000000
28 1684168433 4,000000 -1,000000 -101,000000 0,000000 0,000000
28 1684168434 4,000000 -1,000000 -101,000000 0,000000 0,000000
28 1684168435 4,000000 -1,000000 -101,000000 0,000000 0,000000
28 1684168436 4,000000 -1,000000 -101,000000 0,000000 0,000000
28 1684168437 2,400000 -1,000000 -101,000000 0,000000 0,000000
28 1684168438 2,400000 -1,000000 -101,000000 0,000000 0,000000
28 1684168439 2,400000 -1,000000 -101,000000 0,000000 0,000000
28 1684168440 2,400000 -1,000000 -101,000000 0,000000 0,000000
28 1684168441 2,400000 -1,000000 -101,000000 0,000000 0,000000
28 1684168442 1,600000 -1,000000 -101,000000 0,000000 0,000000
28 1684168443 1,600000 -1,000000 -101,000000 0,000000 0,000000
28 1684168444 1,600000 -1,000000 -101,000000 0,000000 0,000000
28 1684168445 1,600000 -1,000000 -101,000000 0,000000 0,000000
28 1684168446 1,600000 -1,000000 -101,000000 0,000000 0,000000
28 1684168447 1,600000 -1,000000 -101,000000 0,000000 0,000000
28 1684168448 1,600000 -1,000000 -101,000000 0,000000 0,000000
28 1684168449 1,600000 -1,000000 -101,000000 0,000000 0,000000
28 1684168450 1,600000 -1,000000 -101,000000 0,000000 0,000000
28 1684168451 1,600000 -1,000000 -101,000000 0,000000 0,000000
28 1684168452 4,200000 -1,000000 -101,000000 0,000000 0,000000
28 1684168453 4,200000 -1,000000 -101,000000 0,000000 0,000000
28 1684168454 4,200000 -1,000000 -101,000000 0,000000 0,000000
28 1684168455 4,200000 -1,000000 -101,000000 0,000000 0,000000
28 1684168456 4,200000 -1,000000 -101,000000 0,000000 0,000000
28 1684168457 0,800000 -1,000000 -101,000000 0,000000 0,000000
28 1684168458 0,800000 -1,000000 -101,000000 0,000000 0,000000
28 1684168459 0,800000 -1,000000 -101,000000 0,000000 0,000000
28 1684168460 0,800000 -1,000000 -101,000000 0,000000 0,000000
28 1684168461 0,800000 -1,000000 -101,000000 0,000000 0,000000
28 1684168462 3,600000 -1,000000 -101,000000 0,000000 0,000000
28 1684168463 3,600000 -1,000000 -101,000000 0,000000 0,000000
28 1684168464 3,600000 -1,000000 -101,000000 0,000000 0,000000
28 1684168465 3,600000 -1,000000 -101,000000 0,000000 0,000000
28 1684168466 3,600000 -1,000000 -101,000000 0,000000 0,000000
28 1684168467 7,400000 -1,000000 -101,000000 0,000000 0,000000
28 1684168468 7,400000 -1,000000 -101,000000 0,000000 0,000000
28 1684168469 7,400000 -1,000000 -101,000000 0,000000 0,000000
28 1684168470 7,400000 -1,000000 -101,000000 0,000000 0,000000
28 1684168471 7,400000 -1,000000 -101,000000 0,000000 0,000000
28 1684168472 1,600000 -1,000000 -101,000000 0,000000 0,000000
28 1684168473 1,600000 -1,000000 -101,000000 0,000000 0,000000
28 1684168474 1,600000 -1,000000 -101,000000 0,000000 0,000000
28 1684168475 1,600000 -1,000000 -101,000000 0,000000 0,000000
28 1684168476 1,600000 -1,000000 -101,000000 0,000000 0,000000
28 1684168477 0,800000 -1,000000 -101,000000 0,000000 0,000000
28 1684168478 0,800000 -1,000000 -101,000000 0,000000 0,000000
28 1684168479 0,800000 -1,000000 -101,000000 0,000000 0,000000
28 1684168480 0,800000 -1,000000 -101,000000 0,000000 0,000000
28 1684168481 0,800000 -1,000000 -101,000000 0,000000 0,000000
28 1684168482 3,200000 -1,000000 -101,000000 0,000000 0,000000
28 1684168483 3,200000 -1,000000 -101,000000 0,000000 0,000000
28 1684168484 3,200000 -1,000000 -101,000000 0,000000 0,000000
28 1684168485 3,200000 -1,000000 -101,000000 0,000000 0,000000
28 1684168486 3,200000 -1,000000 -101,000000 0,000000 0,000000
28 1684168487 2,600000 -1,000000 -101,000000 0,000000 0,000000
28 1684168488 2,600000 -1,000000 -101,000000 0,000000 0,000000
28 1684168489 2,600000 -1,000000 -101,000000 0,000000 0,000000
28 1684168490 2,600000 -1,000000 -101,000000 0,000000 0,000000
28 1684168491 2,600000 -1,000000 -101,000000 0,000000 0,000000
28 1684168492 1,800000 -1,000000 -101,000000 0,000000 0,000000
28 1684168493 1,800000 -1,000000 -101,000000 0,000000 0,000000
28 1684168494 1,800000 -1,000000 -101,000000 0,000000 0,000000
28 1684168495 1,800000 -1,000000 -101,000000 0,000000 0,000000
28 1684168496 1,800000 -1,000000 -101,000000 0,000000 0,000000
28 1684168497 2,400000 -1,000000 -101,000000 0,000000 0,000000
28 1684168498 2,400000 -1,000000 -101,000000 0,000000 0,000000
28 1684168499 2,400000 -1,000000 -101,000000 0,000000 0,000000
28 1684168500 2,400000 -1,000000 -101,000000 0,000000 0,000000
28 1684168501 2,400000 -1,000000 -101,000000 0,000000 0,000000
28 1684168502 6,400000 -1,000000 -101,000000 0,000000 0,000000
28 1684168503 6,400000 -1,000000 -101,000000 0,000000 0,000000
28 1684168504 6,400000 -1,000000 -101,000000 0,000000 0,000000
28 1684168505 6,400000 -1,000000 -101,000000 0,000000 0,000000
28 1684168506 6,400000 -1,000000 -101,000000 0,000000 0,000000
28 1684168507 7,000000 -1,000000 -101,000000 0,000000 0,000000
28 1684168508 7,000000 -1,000000 -101,000000 0,000000 0,000000
28 1684168509 7,000000 -1,000000 -101,000000 0,000000 0,000000
28 1684168510 7,000000 -1,000000 -101,000000 0,000000 0,000000
28 1684168511 7,000000 -1,000000 -101,000000 0,000000 0,000000
28 1684168512 3,200000 -1,000000 -101,000000 0,000000 0,000000
28 1684168513 3,200000 -1,000000 -101,000000 0,000000 0,000000
28 1684168514 3,200000 -1,000000 -101,000000 0,000000 0,000000
28 1684168515 3,200000 -1,000000 -101,000000 0,000000 0,000000
28 1684168516 3,200000 -1,000000 -101,000000 0,000000 0,000000
28 1684168517 2,400000 -1,000000 -101,000000 0,000000 0,000000
28 1684168518 2,400000 -1,000000 -101,000000 0,000000 0,000000
28 1684168519 2,400000 -1,000000 -101,000000 0,000000 0,000000
28 1684168520 2,400000 -1,000000 -101,000000 0,000000 0,000000
28 1684168521 2,400000 -1,000000 -101,000000 0,000000 0,000000
28 1684168522 5,200000 -1,000000 -101,000000 0,000000 0,000000
28 1684168523 5,200000 -1,000000 -101,000000 0,000000 0,000000
28 1684168524 5,200000 -1,000000 -101,000000 0,000000 0,000000
28 1684168525 5,200000 -1,000000 -101,000000 0,000000 0,000000
28 1684168526 5,200000 -1,000000 -101,000000 0,000000 0,000000
28 1684168527 4,800000 -1,000000 -101,000000 0,000000 0,000000
28 1684168528 4,800000 -1,000000 -101,000000 0,000000 0,000000
28 1684168529 4,800000 -1,000000 -101,000000 0,000000 0,000000
28 1684168530 4,800000 -1,000000 -101,000000 0,000000 0,000000
28 1684168531 4,800000 -1,000000 -101,000000 0,000000 0,000000
28 1684168532 0,800000 -1,000000 -101,000000 0,000000 0,000000
28 1684168533 0,800000 -1,000000 -101,000000 0,000000 0,000000
28 1684168534 0,800000 -1,000000 -101,000000 0,000000 0,000000
28 1684168535 0,800000 -1,000000 -101,000000 0,000000 0,000000
28 1684168536 0,800000 -1,000000 -101,000000 0,000000 0,000000
28 1684168537 2,000000 -1,000000 -101,000000 0,000000 0,000000
28 1684168538 2,000000 -1,000000 -101,000000 0,000000 0,000000
28 1684168539 2,000000 -1,000000 -101,000000 0,000000 0,000000
28 1684168540 2,000000 -1,000000 -101,000000 0,000000 0,000000
28 1684168541 2,000000 -1,000000 -101,000000 0,000000 0,000000
28 1684168542 6,000000 -1,000000 -101,000000 0,000000 0,000000
28 1684168543 6,000000 -1,000000 -101,000000 0,000000 0,000000
28 1684168544 6,000000 -1,000000 -101,000000 0,000000 0,000000
28 1684168545 6,000000 -1,000000 -101,000000 0,000000 0,000000
28 1684168546 6,000000 -1,000000 -101,000000 0,000000 0,000000
28 1684168547 0,200000 -1,000000 -101,000000 0,000000 0,000000
28 1684168548 0,200000 -1,000000 -101,000000 0,000000 0,000000
28 1684168549 0,200000 -1,000000 -101,000000 0,000000 0,000000
28 1684168550 0,200000 -1,000000 -101,000000 0,000000 0,000000
28 1684168551 0,200000 -1,000000 -101,000000 0,000000 0,000000
28 1684168552 0,200000 -1,000000 -101,000000 0,000000 0,000000
28 1684168553 0,200000 -1,000000 -101,000000 0,000000 0,000000
28 1684168554 0,200000 -1,000000 -101,000000 0,000000 0,000000
28 1684168555 0,200000 -1,000000 -101,000000 0,000000 0,000000
28 1684168556 0,200000 -1,000000 -101,000000 0,000000 0,000000
28 1684168557 1,600000 -1,000000 -101,000000 0,000000 0,000000
28 1684168558 1,600000 -1,000000 -101,000000 0,000000 0,000000
28 1684168559 1,600000 -1,000000 -101,000000 0,000000 0,000000
28 1684168560 1,600000 -1,000000 -101,000000 0,000000 0,000000
28 1684168561 1,600000 -1,000000 -101,000000 0,000000 0,000000
28 1684168562 4,800000 -1,000000 -101,000000 0,000000 0,000000
28 1684168563 4,800000 -1,000000 -101,000000 0,000000 0,000000
28 1684168564 4,800000 -1,000000 -101,000000 0,000000 0,000000
28 1684168565 4,800000 -1,000000 -101,000000 0,000000 0,000000
28 1684168566 4,800000 -1,000000 -101,000000 0,000000 0,000000
28 1684168567 4,600000 -1,000000 -101,000000 0,000000 0,000000
28 1684168568 4,600000 -1,000000 -101,000000 0,000000 0,000000
28 1684168569 4,600000 -1,000000 -101,000000 0,000000 0,000000
28 1684168570 4,600000 -1,000000 -101,000000 0,000000 0,000000
28 1684168571 4,600000 -1,000000 -101,000000 0,000000 0,000000
28 1684168572 1,800000 -1,000000 -101,000000 0,000000 0,000000
28 1684168573 1,800000 -1,000000 -101,000000 0,000000 0,000000
28 1684168574 1,800000 -1,000000 -101,000000 0,000000 0,000000
28 1684168575 1,800000 -1,000000 -101,000000 0,000000 0,000000
28 1684168576 1,800000 -1,000000 -101,000000 0,000000 0,000000
28 1684168577 4,200000 -1,000000 -101,000000 0,000000 0,000000
28 1684168578 4,200000 -1,000000 -101,000000 0,000000 0,000000
28 1684168579 4,200000 -1,000000 -101,000000 0,000000 0,000000
28 1684168580 4,200000 -1,000000 -101,000000 0,000000 0,000000
28 1684168581 4,200000 -1,000000 -101,000000 0,000000 0,000000
28 1684168582 5,800000 -1,000000 -101,000000 0,000000 0,000000
28 1684168583 5,800000 -1,000000 -101,000000 0,000000 0,000000
28 1684168584 5,800000 -1,000000 -101,000000 0,000000 0,000000
28 1684168585 5,800000 -1,000000 -101,000000 0,000000 0,000000
28 1684168586 5,800000 -1,000000 -101,000000 0,000000 0,000000
28 1684168587 3,200000 -1,000000 -101,000000 0,000000 0,000000
28 1684168588 3,200000 -1,000000 -101,000000 0,000000 0,000000
28 1684168589 3,200000 -1,000000 -101,000000 0,000000 0,000000
28 1684168590 3,200000 -1,000000 -101,000000 0,000000 0,000000
28 1684168591 3,200000 -1,000000 -101,000000 0,000000 0,000000
28 1684168592 2,800000 -1,000000 -101,000000 0,000000 0,000000
28 1684168593 2,800000 -1,000000 -101,000000 0,000000 0,000000
28 1684168594 2,800000 -1,000000 -101,000000 0,000000 0,000000
28 1684168595 2,800000 -1,000000 -101,000000 0,000000 0,000000
28 1684168596 2,800000 -1,000000 -101,000000 0,000000 0,000000
28 1684168597 3,000000 -1,000000 -101,000000 0,000000 0,000000
28 1684168598 3,000000 -1,000000 -101,000000 0,000000 0,000000
28 1684168599 3,000000 -1,000000 -101,000000 0,000000 0,000000
28 1684168600 3,000000 -1,000000 -101,000000 0,000000 0,000000
28 1684168601 3,000000 -1,000000 -101,000000 0,000000 0,000000
28 1684168602 4,000000 -1,000000 -101,000000 0,000000 0,000000
28 1684168603 4,000000 -1,000000 -101,000000 0,000000 0,000000
28 1684168604 4,000000 -1,000000 -101,000000 0,000000 0,000000
28 1684168605 4,000000 -1,000000 -101,000000 0,000000 0,000000
28 1684168606 4,000000 -1,000000 -101,000000 0,000000 0,000000
28 1684168607 3,800000 -1,000000 -101,000000 0,000000 0,000000
28 1684168608 3,800000 -1,000000 -101,000000 0,000000 0,000000
28 1684168609 3,800000 -1,000000 -101,000000 0,000000 0,000000
28 1684168610 3,800000 -1,000000 -101,000000 0,000000 0,000000
28 1684168611 3,800000 -1,000000 -101,000000 0,000000 0,000000
28 1684168612 3,600000 -1,000000 -101,000000 0,000000 0,000000
28 1684168613 3,600000 -1,000000 -101,000000 0,000000 0,000000
28 1684168614 3,600000 -1,000000 -101,000000 0,000000 0,000000
28 1684168615 3,600000 -1,000000 -101,000000 0,000000 0,000000
28 1684168616 3,600000 -1,000000 -101,000000 0,000000 0,000000
28 1684168617 6,400000 -1,000000 -101,000000 0,000000 0,000000
28 1684168618 6,400000 -1,000000 -101,000000 0,000000 0,000000
28 1684168619 6,400000 -1,000000 -101,000000 0,000000 0,000000
28 1684168620 6,400000 -1,000000 -101,000000 0,000000 0,000000
28 1684168621 6,400000 -1,000000 -101,000000 0,000000 0,000000
28 1684168622 8,400000 -1,000000 -101,000000 0,000000 0,000000
28 1684168623 8,400000 -1,000000 -101,000000 0,000000 0,000000
28 1684168624 8,400000 -1,000000 -101,000000 0,000000 0,000000
28 1684168625 8,400000 -1,000000 -101,000000 0,000000 0,000000
28 1684168626 8,400000 -1,000000 -101,000000 0,000000 0,000000
28 1684168627 3,800000 -1,000000 -101,000000 0,000000 0,000000
28 1684168628 3,800000 -1,000000 -101,000000 0,000000 0,000000
28 1684168629 3,800000 -1,000000 -101,000000 0,000000 0,000000
28 1684168630 3,800000 -1,000000 -101,000000 0,000000 0,000000
28 1684168631 3,800000 -1,000000 -101,000000 0,000000 0,000000
28 1684168632 1,400000 -1,000000 -101,000000 0,000000 0,000000
28 1684168633 1,400000 -1,000000 -101,000000 0,000000 0,000000
28 1684168634 1,400000 -1,000000 -101,000000 0,000000 0,000000
28 1684168635 1,400000 -1,000000 -101,000000 0,000000 0,000000
28 1684168636 1,400000 -1,000000 -101,000000 0,000000 0,000000
28 1684168637 4,800000 -1,000000 -101,000000 0,000000 0,000000
28 1684168638 4,800000 -1,000000 -101,000000 0,000000 0,000000
28 1684168639 4,800000 -1,000000 -101,000000 0,000000 0,000000
28 1684168640 4,800000 -1,000000 -101,000000 0,000000 0,000000
28 1684168641 4,800000 -1,000000 -101,000000 0,000000 0,000000
28 1684168642 2,200000 -1,000000 -101,000000 0,000000 0,000000
28 1684168643 2,200000 -1,000000 -101,000000 0,000000 0,000000
28 1684168644 2,200000 -1,000000 -101,000000 0,000000 0,000000
28 1684168645 2,200000 -1,000000 -101,000000 0,000000 0,000000
28 1684168646 2,200000 -1,000000 -101,000000 0,000000 0,000000
28 1684168647 4,400000 -1,000000 -101,000000 0,000000 0,000000
28 1684168648 4,400000 -1,000000 -101,000000 0,000000 0,000000
28 1684168649 4,400000 -1,000000 -101,000000 0,000000 0,000000
28 1684168650 4,400000 -1,000000 -101,000000 0,000000 0,000000
28 1684168651 4,400000 -1,000000 -101,000000 0,000000 0,000000
28 1684168652 3,800000 -1,000000 -101,000000 0,000000 0,000000
28 1684168653 3,800000 -1,000000 -101,000000 0,000000 0,000000
28 1684168654 3,800000 -1,000000 -101,000000 0,000000 0,000000
28 1684168655 3,800000 -1,000000 -101,000000 0,000000 0,000000
28 1684168656 3,800000 -1,000000 -101,000000 0,000000 0,000000
28 1684168657 1,800000 -1,000000 -101,000000 0,000000 0,000000
28 1684168658 1,800000 -1,000000 -101,000000 0,000000 0,000000
28 1684168659 1,800000 -1,000000 -101,000000 0,000000 0,000000
28 1684168660 1,800000 -1,000000 -101,000000 0,000000 0,000000
28 1684168661 1,800000 -1,000000 -101,000000 0,000000 0,000000
28 1684168662 7,400000 -1,000000 -101,000000 0,000000 0,000000
28 1684168663 7,400000 -1,000000 -101,000000 0,000000 0,000000
28 1684168664 7,400000 -1,000000 -101,000000 0,000000 0,000000
28 1684168665 7,400000 -1,000000 -101,000000 0,000000 0,000000
28 1684168666 7,400000 -1,000000 -101,000000 0,000000 0,000000
28 1684168667 5,000000 -1,000000 -101,000000 0,000000 0,000000
28 1684168668 5,000000 -1,000000 -101,000000 0,000000 0,000000
28 1684168669 5,000000 -1,000000 -101,000000 0,000000 0,000000
28 1684168670 5,000000 -1,000000 -101,000000 0,000000 0,000000
28 1684168671 5,000000 -1,000000 -101,000000 0,000000 0,000000
28 1684168672 4,600000 -1,000000 -101,000000 0,000000 0,000000
28 1684168673 4,600000 -1,000000 -101,000000 0,000000 0,000000
28 1684168674 4,600000 -1,000000 -101,000000 0,000000 0,000000
28 1684168675 4,600000 -1,000000 -101,000000 0,000000 0,000000
28 1684168676 4,600000 -1,000000 -101,000000 0,000000 0,000000
28 1684168677 8,000000 -1,000000 -101,000000 0,000000 0,000000
28 1684168678 8,000000 -1,000000 -101,000000 0,000000 0,000000
28 1684168679 8,000000 -1,000000 -101,000000 0,000000 0,000000
28 1684168680 8,000000 -1,000000 -101,000000 0,000000 0,000000
28 1684168681 8,000000 -1,000000 -101,000000 0,000000 0,000000
28 1684168682 4,600000 -1,000000 -101,000000 0,000000 0,000000
28 1684168683 4,600000 -1,000000 -101,000000 0,000000 0,000000
28 1684168684 4,600000 -1,000000 -101,000000 0,000000 0,000000
28 1684168685 4,600000 -1,000000 -101,000000 0,000000 0,000000
28 1684168686 4,600000 -1,000000 -101,000000 0,000000 0,000000
28 1684168687 1,200000 -1,000000 -101,000000 0,000000 0,000000
28 1684168688 1,200000 -1,000000 -101,000000 0,000000 0,000000
28 1684168689 1,200000 -1,000000 -101,000000 0,000000 0,000000
28 1684168690 1,200000 -1,000000 -101,000000 0,000000 0,000000
28 1684168691 1,200000 -1,000000 -101,000000 0,000000 0,000000
28 1684168692 2,600000 -1,000000 -101,000000 0,000000 0,000000
28 1684168693 2,600000 -1,000000 -101,000000 0,000000 0,000000
28 1684168694 2,600000 -1,000000 -101,000000 0,000000 0,000000
28 1684168695 2,600000 -1,000000 -101,000000 0,000000 0,000000
28 1684168696 2,600000 -1,000000 -101,000000 0,000000 0,000000
28 1684168697 3,200000 -1,000000 -101,000000 0,000000 0,000000
28 1684168698 3,200000 -1,000000 -101,000000 0,000000 0,000000
28 1684168699 3,200000 -1,000000 -101,000000 0,000000 0,000000
28 1684168700 3,200000 -1,000000 -101,000000 0,000000 0,000000
28 1684168701 3,200000 -1,000000 -101,000000 0,000000 0,000000
28 1684168702 2,600000 -1,000000 -101,000000 0,000000 0,000000
28 1684168703 2,600000 -1,000000 -101,000000 0,000000 0,000000
28 1684168704 2,600000 -1,000000 -101,000000 0,000000 0,000000
28 1684168705 2,600000 -1,000000 -101,000000 0,000000 0,000000
28 1684168706 2,600000 -1,000000 -101,000000 0,000000 0,000000
28 1684168707 0,200000 -1,000000 -101,000000 0,000000 0,000000
28 1684168708 0,200000 -1,000000 -101,000000 0,000000 0,000000
28 1684168709 0,200000 -1,000000 -101,000000 0,000000 0,000000
28 1684168710 0,200000 -1,000000 -101,000000 0,000000 0,000000
28 1684168711 0,200000 -1,000000 -101,000000 0,000000 0,000000
28 1684168712 3,400000 -1,000000 -101,000000 0,000000 0,000000
28 1684168713 3,400000 -1,000000 -101,000000 0,000000 0,000000
28 1684168714 3,400000 -1,000000 -101,000000 0,000000 0,000000
28 1684168715 3,400000 -1,000000 -101,000000 0,000000 0,000000
28 1684168716 3,400000 -1,000000 -101,000000 0,000000 0,000000
28 1684168717 5,200000 -1,000000 -101,000000 0,000000 0,000000
28 1684168718 5,200000 -1,000000 -101,000000 0,000000 0,000000
28 1684168719 5,200000 -1,000000 -101,000000 0,000000 0,000000
28 1684168720 5,200000 -1,000000 -101,000000 0,000000 0,000000
28 1684168721 5,200000 -1,000000 -101,000000 0,000000 0,000000
28 1684168722 4,200000 -1,000000 -101,000000 0,000000 0,000000
28 1684168723 4,200000 -1,000000 -101,000000 0,000000 0,000000
28 1684168724 4,200000 -1,000000 -101,000000 0,000000 0,000000
28 1684168725 4,200000 -1,000000 -101,000000 0,000000 0,000000
28 1684168726 4,200000 -1,000000 -101,000000 0,000000 0,000000
28 1684168727 2,600000 -1,000000 -101,000000 0,000000 0,000000
28 1684168728 2,600000 -1,000000 -101,000000 0,000000 0,000000
28 1684168729 2,600000 -1,000000 -101,000000 0,000000 0,000000
28 1684168730 2,600000 -1,000000 -101,000000 0,000000 0,000000
28 1684168731 2,600000 -1,000000 -101,000000 0,000000 0,000000
28 1684168732 1,800000 -1,000000 -101,000000 0,000000 0,000000
28 1684168733 1,800000 -1,000000 -101,000000 0,000000 0,000000
28 1684168734 1,800000 -1,000000 -101,000000 0,000000 0,000000
28 1684168735 1,800000 -1,000000 -101,000000 0,000000 0,000000
28 1684168736 1,800000 -1,000000 -101,000000 0,000000 0,000000
28 1684168737 4,200000 -1,000000 -101,000000 0,000000 0,000000
28 1684168738 4,200000 -1,000000 -101,000000 0,000000 0,000000
28 1684168739 4,200000 -1,000000 -101,000000 0,000000 0,000000
28 1684168740 4,200000 -1,000000 -101,000000 0,000000 0,000000
28 1684168741 4,200000 -1,000000 -101,000000 0,000000 0,000000
28 1684168742 0,200000 -1,000000 -101,000000 0,000000 0,000000
28 1684168743 0,200000 -1,000000 -101,000000 0,000000 0,000000
28 1684168744 0,200000 -1,000000 -101,000000 0,000000 0,000000
28 1684168745 0,200000 -1,000000 -101,000000 0,000000 0,000000
28 1684168746 0,200000 -1,000000 -101,000000 0,000000 0,000000
28 1684168747 1,800000 -1,000000 -101,000000 0,000000 0,000000
28 1684168748 1,800000 -1,000000 -101,000000 0,000000 0,000000
28 1684168749 1,800000 -1,000000 -101,000000 0,000000 0,000000
28 1684168750 1,800000 -1,000000 -101,000000 0,000000 0,000000
28 1684168751 1,800000 -1,000000 -101,000000 0,000000 0,000000
28 1684168752 3,800000 -1,000000 -101,000000 0,000000 0,000000
28 1684168753 3,800000 -1,000000 -101,000000 0,000000 0,000000
28 1684168754 3,800000 -1,000000 -101,000000 0,000000 0,000000
28 1684168755 3,800000 -1,000000 -101,000000 0,000000 0,000000
28 1684168756 3,800000 -1,000000 -101,000000 0,000000 0,000000
28 1684168757 4,800000 -1,000000 -101,000000 0,000000 0,000000
28 1684168758 4,800000 -1,000000 -101,000000 0,000000 0,000000
28 1684168759 4,800000 -1,000000 -101,000000 0,000000 0,000000
28 1684168760 4,800000 -1,000000 -101,000000 0,000000 0,000000
28 1684168761 4,800000 -1,000000 -101,000000 0,000000 0,000000
28 1684168762 8,600000 -1,000000 -101,000000 0,000000 0,000000
28 1684168763 8,600000 -1,000000 -101,000000 0,000000 0,000000
28 1684168764 8,600000 -1,000000 -101,000000 0,000000 0,000000
28 1684168765 8,600000 -1,000000 -101,000000 0,000000 0,000000
28 1684168766 8,600000 -1,000000 -101,000000 0,000000 0,000000
28 1684168767 3,000000 -1,000000 -101,000000 0,000000 0,000000
28 1684168768 3,000000 -1,000000 -101,000000 0,000000 0,000000
28 1684168769 3,000000 -1,000000 -101,000000 0,000000 0,000000
28 1684168770 3,000000 -1,000000 -101,000000 0,000000 0,000000
28 1684168771 3,000000 -1,000000 -101,000000 0,000000 0,000000
28 1684168772 4,000000 -1,000000 -101,000000 0,000000 0,000000
28 1684168773 4,000000 -1,000000 -101,000000 0,000000 0,000000
28 1684168774 4,000000 -1,000000 -101,000000 0,000000 0,000000
28 1684168775 4,000000 -1,000000 -101,000000 0,000000 0,000000
28 1684168776 4,000000 -1,000000 -101,000000 0,000000 0,000000
28 1684168777 5,400000 -1,000000 -101,000000 0,000000 0,000000
28 1684168778 5,400000 -1,000000 -101,000000 0,000000 0,000000
28 1684168779 5,400000 -1,000000 -101,000000 0,000000 0,000000
28 1684168780 5,400000 -1,000000 -101,000000 0,000000 0,000000
28 1684168781 5,400000 -1,000000 -101,000000 0,000000 0,000000
28 1684168782 0,200000 -1,000000 -101,000000 0,000000 0,000000
28 1684168783 0,200000 -1,000000 -101,000000 0,000000 0,000000
28 1684168784 0,200000 -1,000000 -101,000000 0,000000 0,000000
28 1684168785 0,200000 -1,000000 -101,000000 0,000000 0,000000
28 1684168786 0,200000 -1,000000 -101,000000 0,000000 0,000000
28 1684168787 1,800000 -1,000000 -101,000000 0,000000 0,000000
28 1684168788 1,800000 -1,000000 -101,000000 0,000000 0,000000
28 1684168789 1,800000 -1,000000 -101,000000 0,000000 0,000000
28 1684168790 1,800000 -1,000000 -101,000000 0,000000 0,000000
28 1684168791 1,800000 -1,000000 -101,000000 0,000000 0,000000
28 1684168792 2,200000 -1,000000 -101,000000 0,000000 0,000000
28 1684168793 2,200000 -1,000000 -101,000000 0,000000 0,000000
28 1684168794 2,200000 -1,000000 -101,000000 0,000000 0,000000
28 1684168795 2,200000 -1,000000 -101,000000 0,000000 0,000000
28 1684168796 2,200000 -1,000000 -101,000000 0,000000 0,000000
28 1684168797 1,800000 -1,000000 -101,000000 0,000000 0,000000
28 1684168798 1,800000 -1,000000 -101,000000 0,000000 0,000000
28 1684168799 1,800000 -1,000000 -101,000000 0,000000 0,000000
28 1684168800 1,800000 -1,000000 -101,000000 0,000000 0,000000
28 1684168801 1,800000 -1,000000 -101,000000 0,000000 0,000000
28 1684168802 4,400000 -1,000000 -101,000000 0,000000 0,000000
28 1684168803 4,400000 -1,000000 -101,000000 0,000000 0,000000
28 1684168804 4,400000 -1,000000 -101,000000 0,000000 0,000000
28 1684168805 4,400000 -1,000000 -101,000000 0,000000 0,000000
28 1684168806 4,400000 -1,000000 -101,000000 0,000000 0,000000
28 1684168807 0,200000 -1,000000 -101,000000 0,000000 0,000000
28 1684168808 0,200000 -1,000000 -101,000000 0,000000 0,000000
28 1684168809 0,200000 -1,000000 -101,000000 0,000000 0,000000
28 1684168810 0,200000 -1,000000 -101,000000 0,000000 0,000000
28 1684168811 0,200000 -1,000000 -101,000000 0,000000 0,000000
28 1684168812 5,000000 -1,000000 -101,000000 0,000000 0,000000
28 1684168813 5,000000 -1,000000 -101,000000 0,000000 0,000000
28 1684168814 5,000000 -1,000000 -101,000000 0,000000 0,000000
28 1684168815 5,000000 -1,000000 -101,000000 0,000000 0,000000
28 1684168816 5,000000 -1,000000 -101,000000 0,000000 0,000000
28 1684168817 7,000000 -1,000000 -101,000000 0,000000 0,000000
28 1684168818 7,000000 -1,000000 -101,000000 0,000000 0,000000
28 1684168819 7,000000 -1,000000 -101,000000 0,000000 0,000000
28 1684168820 7,000000 -1,000000 -101,000000 0,000000 0,000000
28 1684168821 7,000000 -1,000000 -101,000000 0,000000 0,000000
28 1684168822 6,000000 -1,000000 -101,000000 0,000000 0,000000
28 1684168823 6,000000 -1,000000 -101,000000 0,000000 0,000000
28 1684168824 6,000000 -1,000000 -101,000000 0,000000 0,000000
28 1684168825 6,000000 -1,000000 -101,000000 0,000000 0,000000
28 1684168826 6,000000 -1,000000 -101,000000 0,000000 0,000000
28 1684168827 4,400000 -1,000000 -101,000000 0,000000 0,000000
28 1684168828 4,400000 -1,000000 -101,000000 0,000000 0,000000
28 1684168829 4,400000 -1,000000 -101,000000 0,000000 0,000000
28 1684168830 4,400000 -1,000000 -101,000000 0,000000 0,000000
28 1684168831 4,400000 -1,000000 -101,000000 0,000000 0,000000
28 1684168832 3,000000 -1,000000 -101,000000 0,000000 0,000000
28 1684168833 3,000000 -1,000000 -101,000000 0,000000 0,000000
28 1684168834 3,000000 -1,000000 -101,000000 0,000000 0,000000
28 1684168835 3,000000 -1,000000 -101,000000 0,000000 0,000000
28 1684168836 3,000000 -1,000000 -101,000000 0,000000 0,000000
28 1684168837 6,600000 -1,000000 -101,000000 0,000000 0,000000
28 1684168838 6,600000 -1,000000 -101,000000 0,000000 0,000000
28 1684168839 6,600000 -1,000000 -101,000000 0,000000 0,000000
28 1684168840 6,600000 -1,000000 -101,000000 0,000000 0,000000
28 1684168841 6,600000 -1,000000 -101,000000 0,000000 0,000000
28 1684168842 5,600000 -1,000000 -101,000000 0,000000 0,000000
28 1684168843 5,600000 -1,000000 -101,000000 0,000000 0,000000
28 1684168844 5,600000 -1,000000 -101,000000 0,000000 0,000000
28 1684168845 5,600000 -1,000000 -101,000000 0,000000 0,000000
28 1684168846 5,600000 -1,000000 -101,000000 0,000000 0,000000
28 1684168847 2,800000 -1,000000 -101,000000 0,000000 0,000000
28 1684168848 2,800000 -1,000000 -101,000000 0,000000 0,000000
28 1684168849 2,800000 -1,000000 -101,000000 0,000000 0,000000
28 1684168850 2,800000 -1,000000 -101,000000 0,000000 0,000000
28 1684168851 2,800000 -1,000000 -101,000000 0,000000 0,000000
28 1684168852 3,200000 -1,000000 -101,000000 0,000000 0,000000
28 1684168853 3,200000 -1,000000 -101,000000 0,000000 0,000000
28 1684168854 3,200000 -1,000000 -101,000000 0,000000 0,000000
28 1684168855 3,200000 -1,000000 -101,000000 0,000000 0,000000
28 1684168856 3,200000 -1,000000 -101,000000 0,000000 0,000000
28 1684168857 5,000000 -1,000000 -101,000000 0,000000 0,000000
28 1684168858 5,000000 -1,000000 -101,000000 0,000000 0,000000
28 1684168859 5,000000 -1,000000 -101,000000 0,000000 0,000000
28 1684168860 5,000000 -1,000000 -101,000000 0,000000 0,000000
28 1684168861 5,000000 -1,000000 -101,000000 0,000000 0,000000
28 1684168862 4,000000 -1,000000 -101,000000 0,000000 0,000000
28 1684168863 4,000000 -1,000000 -101,000000 0,000000 0,000000
28 1684168864 4,000000 -1,000000 -101,000000 0,000000 0,000000
28 1684168865 4,000000 -1,000000 -101,000000 0,000000 0,000000
28 1684168866 4,000000 -1,000000 -101,000000 0,000000 0,000000
28 1684168867 2,200000 -1,000000 -101,000000 0,000000 0,000000
28 1684168868 2,200000 -1,000000 -101,000000 0,000000 0,000000
28 1684168869 2,200000 -1,000000 -101,000000 0,000000 0,000000
28 1684168870 2,200000 -1,000000 -101,000000 0,000000 0,000000
28 1684168871 2,200000 -1,000000 -101,000000 0,000000 0,000000
28 1684168872 4,800000 -1,000000 -101,000000 0,000000 0,000000
28 1684168873 4,800000 -1,000000 -101,000000 0,000000 0,000000
28 1684168874 4,800000 -1,000000 -101,000000 0,000000 0,000000
28 1684168875 4,800000 -1,000000 -101,000000 0,000000 0,000000
28 1684168876 4,800000 -1,000000 -101,000000 0,000000 0,000000
28 1684168877 5,000000 -1,000000 -101,000000 0,000000 0,000000
28 1684168878 5,000000 -1,000000 -101,000000 0,000000 0,000000
28 1684168879 5,000000 -1,000000 -101,000000 0,000000 0,000000
28 1684168880 5,000000 -1,000000 -101,000000 0,000000 0,000000
28 1684168881 5,000000 -1,000000 -101,000000 0,000000 0,000000
28 1684168882 0,200000 -1,000000 -101,000000 0,000000 0,000000
28 1684168883 0,200000 -1,000000 -101,000000 0,000000 0,000000
28 1684168884 0,200000 -1,000000 -101,000000 0,000000 0,000000
28 1684168885 0,200000 -1,000000 -101,000000 0,000000 0,000000
28 1684168886 0,200000 -1,000000 -101,000000 0,000000 0,000000
28 1684168887 1,800000 -1,000000 -101,000000 0,000000 0,000000
28 1684168888 1,800000 -1,000000 -101,000000 0,000000 0,000000
28 1684168889 1,800000 -1,000000 -101,000000 0,000000 0,000000
28 1684168890 1,800000 -1,000000 -101,000000 0,000000 0,000000
28 1684168891 1,800000 -1,000000 -101,000000 0,000000 0,000000
28 1684168892 5,000000 -1,000000 -101,000000 0,000000 0,000000
28 1684168893 5,000000 -1,000000 -101,000000 0,000000 0,000000
28 1684168894 5,000000 -1,000000 -101,000000 0,000000 0,000000
28 1684168895 5,000000 -1,000000 -101,000000 0,000000 0,000000
28 1684168896 5,000000 -1,000000 -101,000000 0,000000 0,000000
28 1684168897 4,200000 -1,000000 -101,000000 0,000000 0,000000
28 1684168898 4,200000 -1,000000 -101,000000 0,000000 0,000000
28 1684168899 4,200000 -1,000000 -101,000000 0,000000 0,000000
28 1684168900 4,200000 -1,000000 -101,000000 0,000000 0,000000
28 1684168901 4,200000 -1,000000 -101,000000 0,000000 0,000000
28 1684168902 2,400000 -1,000000 -101,000000 0,000000 0,000000
28 1684168903 2,400000 -1,000000 -101,000000 0,000000 0,000000
28 1684168904 2,400000 -1,000000 -101,000000 0,000000 0,000000
28 1684168905 2,400000 -1,000000 -101,000000 0,000000 0,000000
28 1684168906 2,400000 -1,000000 -101,000000 0,000000 0,000000
28 1684168907 2,200000 -1,000000 -101,000000 0,000000 0,000000
28 1684168908 2,200000 -1,000000 -101,000000 0,000000 0,000000
28 1684168909 2,200000 -1,000000 -101,000000 0,000000 0,000000
28 1684168910 2,200000 -1,000000 -101,000000 0,000000 0,000000
28 1684168911 2,200000 -1,000000 -101,000000 0,000000 0,000000
28 1684168912 6,600000 -1,000000 -101,000000 0,000000 0,000000
28 1684168913 6,600000 -1,000000 -101,000000 0,000000 0,000000
28 1684168914 6,600000 -1,000000 -101,000000 0,000000 0,000000
28 1684168915 6,600000 -1,000000 -101,000000 0,000000 0,000000
28 1684168916 6,600000 -1,000000 -101,000000 0,000000 0,000000
28 1684168917 4,000000 -1,000000 -101,000000 0,000000 0,000000
28 1684168918 4,000000 -1,000000 -101,000000 0,000000 0,000000
28 1684168919 4,000000 -1,000000 -101,000000 0,000000 0,000000
28 1684168920 4,000000 -1,000000 -101,000000 0,000000 0,000000
28 1684168921 4,000000 -1,000000 -101,000000 0,000000 0,000000
28 1684168922 3,200000 -1,000000 -101,000000 0,000000 0,000000
28 1684168923 3,200000 -1,000000 -101,000000 0,000000 0,000000
28 1684168924 3,200000 -1,000000 -101,000000 0,000000 0,000000
28 1684168925 3,200000 -1,000000 -101,000000 0,000000 0,000000
28 1684168926 3,200000 -1,000000 -101,000000 0,000000 0,000000
28 1684168927 5,400000 -1,000000 -101,000000 0,000000 0,000000
28 1684168928 5,400000 -1,000000 -101,000000 0,000000 0,000000
28 1684168929 5,400000 -1,000000 -101,000000 0,000000 0,000000
28 1684168930 5,400000 -1,000000 -101,000000 0,000000 0,000000
28 1684168931 5,400000 -1,000000 -101,000000 0,000000 0,000000
28 1684168932 8,400000 -1,000000 -101,000000 0,000000 0,000000
28 1684168933 8,400000 -1,000000 -101,000000 0,000000 0,000000
28 1684168934 8,400000 -1,000000 -101,000000 0,000000 0,000000
28 1684168996 1,600000 -1,000000 1,600000 1,600000 0,000000
28 1684168995 1,600000 -1,000000 1,600000 1,600000 0,000000
28 1684168994 1,600000 -1,000000 1,600000 1,600000 0,000000
28 1684168993 1,600000 -1,000000 1,600000 1,600000 0,000000
28 1684168992 1,600000 -1,000000 1,600000 1,600000 0,000000
28 1684168991 3,400000 -1,000000 3,400000 3,400000 0,000000
28 1684168990 3,400000 -1,000000 3,400000 3,400000 0,000000
28 1684168989 3,400000 -1,000000 3,400000 3,400000 0,000000
28 1684168988 3,400000 -1,000000 3,400000 3,400000 0,000000
28 1684168987 3,400000 -1,000000 3,400000 3,400000 0,000000
28 1684168986 0,400000 -1,000000 0,400000 0,400000 0,000000
28 1684168985 0,400000 -1,000000 0,400000 0,400000 0,000000
28 1684168984 0,400000 -1,000000 0,400000 0,400000 0,000000
28 1684168983 0,400000 -1,000000 0,400000 0,400000 0,000000
28 1684168982 0,400000 -1,000000 0,400000 0,400000 0,000000
28 1684168981 1,400000 -1,000000 1,400000 1,400000 0,000000
28 1684168980 1,400000 -1,000000 1,400000 1,400000 0,000000
28 1684168979 1,400000 -1,000000 1,400000 1,400000 0,000000
28 1684168978 1,400000 -1,000000 1,400000 1,400000 0,000000
28 1684168977 1,400000 -1,000000 1,400000 1,400000 0,000000
28 1684168976 7,200000 -1,000000 7,200000 7,200000 0,000000
28 1684168975 7,200000 -1,000000 7,200000 7,200000 0,000000
28 1684168974 7,200000 -1,000000 7,200000 7,200000 0,000000
28 1684168973 7,200000 -1,000000 7,200000 7,200000 0,000000
28 1684168972 7,200000 -1,000000 7,200000 7,200000 0,000000
28 1684168971 3,200000 -1,000000 3,200000 3,200000 0,000000
28 1684168970 3,200000 -1,000000 3,200000 3,200000 0,000000
28 1684168969 3,200000 -1,000000 3,200000 3,200000 0,000000
28 1684168968 3,200000 -1,000000 3,200000 3,200000 0,000000
28 1684168967 3,200000 -1,000000 3,200000 3,200000 0,000000
28 1684168966 1,800000 -1,000000 1,800000 1,800000 0,000000
28 1684168965 1,800000 -1,000000 1,800000 1,800000 0,000000
28 1684168964 1,800000 -1,000000 1,800000 1,800000 0,000000
28 1684168963 1,800000 -1,000000 1,800000 1,800000 0,000000
28 1684168962 1,800000 -1,000000 1,800000 1,800000 0,000000
28 1684168961 2,600000 -1,000000 2,600000 2,600000 0,000000
28 1684168960 2,600000 -1,000000 2,600000 2,600000 0,000000
28 1684168959 2,600000 -1,000000 2,600000 2,600000 0,000000
28 1684168958 2,600000 -1,000000 2,600000 2,600000 0,000000
28 1684168957 2,600000 -1,000000 2,600000 2,600000 0,000000
28 1684168956 1,600000 -1,000000 1,600000 1,600000 0,000000
28 1684168955 1,600000 -1,000000 1,600000 1,600000 0,000000
28 1684168954 1,600000 -1,000000 1,600000 1,600000 0,000000
28 1684168953 1,600000 -1,000000 1,600000 1,600000 0,000000
28 1684168952 1,600000 -1,000000 1,600000 1,600000 0,000000
28 1684168951 4,000000 -1,000000 4,000000 4,000000 0,000000
28 1684168950 4,000000 -1,000000 4,000000 4,000000 0,000000
28 1684168949 4,000000 -1,000000 4,000000 4,000000 0,000000
28 1684168948 4,000000 -1,000000 4,000000 4,000000 0,000000
28 1684168947 4,000000 -1,000000 4,000000 4,000000 0,000000
28 1684168946 1,200000 -1,000000 1,200000 1,200000 0,000000
28 1684168945 1,200000 -1,000000 1,200000 1,200000 0,000000
28 1684168944 1,200000 -1,000000 1,200000 1,200000 0,000000
28 1684168943 1,200000 -1,000000 1,200000 1,200000 0,000000
28 1684168942 1,200000 -1,000000 1,200000 1,200000 0,000000
28 1684168941 2,200000 -1,000000 2,200000 2,200000 0,000000
28 1684168940 2,200000 -1,000000 2,200000 2,200000 0,000000
28 1684168939 2,200000 -1,000000 2,200000 2,200000 0,000000
28 1684168938 2,200000 -1,000000 2,200000 2,200000 0,000000
28 1684168937 2,200000 -1,000000 2,200000 2,200000 0,000000
28 1684168936 8,400000 -1,000000 8,400000 8,400000 0,000000
28 1684168935 8,400000 -1,000000 8,400000 8,400000 0,000000
28 1684168935 8,400000 -1,000000 -101,000000 0,000000 0,000000
28 1684168936 8,400000 -1,000000 -101,000000 0,000000 0,000000
28 1684168937 2,200000 -1,000000 -101,000000 0,000000 0,000000
28 1684168938 2,200000 -1,000000 -101,000000 0,000000 0,000000
28 1684168939 2,200000 -1,000000 -101,000000 0,000000 0,000000
28 1684168940 2,200000 -1,000000 -101,000000 0,000000 0,000000
28 1684168941 2,200000 -1,000000 -101,000000 0,000000 0,000000
28 1684168942 1,200000 -1,000000 -101,000000 0,000000 0,000000
28 1684168943 1,200000 -1,000000 -101,000000 0,000000 0,000000
28 1684168944 1,200000 -1,000000 -101,000000 0,000000 0,000000
28 1684168945 1,200000 -1,000000 -101,000000 0,000000 0,000000
28 1684168946 1,200000 -1,000000 -101,000000 0,000000 0,000000
28 1684168947 4,000000 -1,000000 -101,000000 0,000000 0,000000
28 1684168948 4,000000 -1,000000 -101,000000 0,000000 0,000000
28 1684168949 4,000000 -1,000000 -101,000000 0,000000 0,000000
28 1684168950 4,000000 -1,000000 -101,000000 0,000000 0,000000
28 1684168951 4,000000 -1,000000 -101,000000 0,000000 0,000000
28 1684168952 1,600000 -1,000000 -101,000000 0,000000 0,000000
28 1684168953 1,600000 -1,000000 -101,000000 0,000000 0,000000
28 1684168954 1,600000 -1,000000 -101,000000 0,000000 0,000000
28 1684168955 1,600000 -1,000000 -101,000000 0,000000 0,000000
28 1684168956 1,600000 -1,000000 -101,000000 0,000000 0,000000
28 1684168957 2,600000 -1,000000 -101,000000 0,000000 0,000000
28 1684168958 2,600000 -1,000000 -101,000000 0,000000 0,000000
28 1684168959 2,600000 -1,000000 -101,000000 0,000000 0,000000
28 1684168960 2,600000 -1,000000 -101,000000 0,000000 0,000000
28 1684168961 2,600000 -1,000000 -101,000000 0,000000 0,000000
28 1684168962 1,800000 -1,000000 -101,000000 0,000000 0,000000
28 1684168963 1,800000 -1,000000 -101,000000 0,000000 0,000000
28 1684168964 1,800000 -1,000000 -101,000000 0,000000 0,000000
28 1684168965 1,800000 -1,000000 -101,000000 0,000000 0,000000
28 1684168966 1,800000 -1,000000 -101,000000 0,000000 0,000000
28 1684168967 3,200000 -1,000000 -101,000000 0,000000 0,000000
28 1684168968 3,200000 -1,000000 -101,000000 0,000000 0,000000
28 1684168969 3,200000 -1,000000 -101,000000 0,000000 0,000000
28 1684168970 3,200000 -1,000000 -101,000000 0,000000 0,000000
28 1684168971 3,200000 -1,000000 -101,000000 0,000000 0,000000
28 1684168972 7,200000 -1,000000 -101,000000 0,000000 0,000000
28 1684168973 7,200000 -1,000000 -101,000000 0,000000 0,000000
28 1684168974 7,200000 -1,000000 -101,000000 0,000000 0,000000
28 1684168975 7,200000 -1,000000 -101,000000 0,000000 0,000000
28 1684168976 7,200000 -1,000000 -101,000000 0,000000 0,000000
28 1684168977 1,400000 -1,000000 -101,000000 0,000000 0,000000
28 1684168978 1,400000 -1,000000 -101,000000 0,000000 0,000000
28 1684168979 1,400000 -1,000000 -101,000000 0,000000 0,000000
28 1684168980 1,400000 -1,000000 -101,000000 0,000000 0,000000
28 1684168981 1,400000 -1,000000 -101,000000 0,000000 0,000000
28 1684168982 0,400000 -1,000000 -101,000000 0,000000 0,000000
28 1684168983 0,400000 -1,000000 -101,000000 0,000000 0,000000
28 1684168984 0,400000 -1,000000 -101,000000 0,000000 0,000000
28 1684168985 0,400000 -1,000000 -101,000000 0,000000 0,000000
28 1684168986 0,400000 -1,000000 -101,000000 0,000000 0,000000
28 1684168987 3,400000 -1,000000 -101,000000 0,000000 0,000000
28 1684168988 3,400000 -1,000000 -101,000000 0,000000 0,000000
28 1684168989 3,400000 -1,000000 -101,000000 0,000000 0,000000
28 1684168990 3,400000 -1,000000 -101,000000 0,000000 0,000000
28 1684168991 3,400000 -1,000000 -101,000000 0,000000 0,000000
28 1684168992 1,600000 -1,000000 -101,000000 0,000000 0,000000
28 1684168993 1,600000 -1,000000 -101,000000 0,000000 0,000000
28 1684168994 1,600000 -1,000000 -101,000000 0,000000 0,000000
28 1684168995 1,600000 -1,000000 -101,000000 0,000000 0,000000
28 1684168996 1,600000 -1,000000 -101,000000 0,000000 0,000000
28 1684168997 2,600000 -1,000000 -101,000000 0,000000 0,000000
28 1684168998 2,600000 -1,000000 -101,000000 0,000000 0,000000
28 1684168999 2,600000 -1,000000 -101,000000 0,000000 0,000000
28 1684169000 2,600000 -1,000000 -101,000000 0,000000 0,000000
28 1684169001 2,600000 -1,000000 -101,000000 0,000000 0,000000
28 1684169002 0,200000 -1,000000 -101,000000 0,000000 0,000000
28 1684169003 0,200000 -1,000000 -101,000000 0,000000 0,000000
28 1684169004 0,200000 -1,000000 -101,000000 0,000000 0,000000
28 1684169005 0,200000 -1,000000 -101,000000 0,000000 0,000000
28 1684169006 0,200000 -1,000000 -101,000000 0,000000 0,000000
28 1684169007 5,000000 -1,000000 -101,000000 0,000000 0,000000
28 1684169008 5,000000 -1,000000 -101,000000 0,000000 0,000000
28 1684169009 5,000000 -1,000000 -101,000000 0,000000 0,000000
28 1684169010 5,000000 -1,000000 -101,000000 0,000000 0,000000
28 1684169011 5,000000 -1,000000 -101,000000 0,000000 0,000000
28 1684169012 11,000000 -1,000000 -101,000000 0,000000 0,000000
28 1684169013 11,000000 -1,000000 -101,000000 0,000000 0,000000
28 1684169014 11,000000 -1,000000 -101,000000 0,000000 0,000000
28 1684169015 11,000000 -1,000000 -101,000000 0,000000 0,000000
28 1684169016 11,000000 -1,000000 -101,000000 0,000000 0,000000
28 1684169017 5,800000 -1,000000 -101,000000 0,000000 0,000000
28 1684169018 5,800000 -1,000000 -101,000000 0,000000 0,000000
28 1684169019 5,800000 -1,000000 -101,000000 0,000000 0,000000
28 1684169020 5,800000 -1,000000 -101,000000 0,000000 0,000000
28 1684169021 5,800000 -1,000000 -101,000000 0,000000 0,000000
28 1684169022 7,600000 -1,000000 -101,000000 0,000000 0,000000
28 1684169023 7,600000 -1,000000 -101,000000 0,000000 0,000000
28 1684169024 7,600000 -1,000000 -101,000000 0,000000 0,000000
28 1684169025 7,600000 -1,000000 -101,000000 0,000000 0,000000
28 1684169026 7,600000 -1,000000 -101,000000 0,000000 0,000000
28 1684169027 6,000000 -1,000000 -101,000000 0,000000 0,000000
28 1684169028 6,000000 -1,000000 -101,000000 0,000000 0,000000
28 1684169029 6,000000 -1,000000 -101,000000 0,000000 0,000000
28 1684169030 6,000000 -1,000000 -101,000000 0,000000 0,000000
28 1684169031 6,000000 -1,000000 -101,000000 0,000000 0,000000
28 1684169032 3,400000 -1,000000 -101,000000 0,000000 0,000000
28 1684169033 3,400000 -1,000000 -101,000000 0,000000 0,000000
28 1684169034 3,400000 -1,000000 -101,000000 0,000000 0,000000
28 1684169035 3,400000 -1,000000 -101,000000 0,000000 0,000000
28 1684169036 3,400000 -1,000000 -101,000000 0,000000 0,000000
28 1684169037 4,200000 -1,000000 -101,000000 0,000000 0,000000
28 1684169038 4,200000 -1,000000 -101,000000 0,000000 0,000000
28 1684169039 4,200000 -1,000000 -101,000000 0,000000 0,000000
28 1684169040 4,200000 -1,000000 -101,000000 0,000000 0,000000
28 1684169041 4,200000 -1,000000 -101,000000 0,000000 0,000000
28 1684169042 0,200000 -1,000000 -101,000000 0,000000 0,000000
28 1684169043 0,200000 -1,000000 -101,000000 0,000000 0,000000
28 1684169044 0,200000 -1,000000 -101,000000 0,000000 0,000000
28 1684169045 0,200000 -1,000000 -101,000000 0,000000 0,000000
28 1684169046 0,200000 -1,000000 -101,000000 0,000000 0,000000
28 1684169047 3,400000 -1,000000 -101,000000 0,000000 0,000000
28 1684169048 3,400000 -1,000000 -101,000000 0,000000 0,000000
28 1684169049 3,400000 -1,000000 -101,000000 0,000000 0,000000
28 1684169050 3,400000 -1,000000 -101,000000 0,000000 0,000000
28 1684169051 3,400000 -1,000000 -101,000000 0,000000 0,000000
28 1684169052 4,800000 -1,000000 -101,000000 0,000000 0,000000
28 1684169053 4,800000 -1,000000 -101,000000 0,000000 0,000000
28 1684169054 4,800000 -1,000000 -101,000000 0,000000 0,000000
28 1684169055 4,800000 -1,000000 -101,000000 0,000000 0,000000
28 1684169056 4,800000 -1,000000 -101,000000 0,000000 0,000000
28 1684169057 0,400000 -1,000000 -101,000000 0,000000 0,000000
28 1684169058 0,400000 -1,000000 -101,000000 0,000000 0,000000
28 1684169059 0,400000 -1,000000 -101,000000 0,000000 0,000000
28 1684169060 0,400000 -1,000000 -101,000000 0,000000 0,000000
28 1684169061 0,400000 -1,000000 -101,000000 0,000000 0,000000
28 1684169062 3,600000 -1,000000 -101,000000 0,000000 0,000000
28 1684169063 3,600000 -1,000000 -101,000000 0,000000 0,000000
28 1684169064 3,600000 -1,000000 -101,000000 0,000000 0,000000
28 1684169065 3,600000 -1,000000 -101,000000 0,000000 0,000000
28 1684169066 3,600000 -1,000000 -101,000000 0,000000 0,000000
28 1684169067 4,600000 -1,000000 -101,000000 0,000000 0,000000
28 1684169068 4,600000 -1,000000 -101,000000 0,000000 0,000000
28 1684169069 4,600000 -1,000000 -101,000000 0,000000 0,000000
28 1684169070 4,600000 -1,000000 -101,000000 0,000000 0,000000
28 1684169071 4,600000 -1,000000 -101,000000 0,000000 0,000000
28 1684169072 4,000000 -1,000000 -101,000000 0,000000 0,000000
28 1684169073 4,000000 -1,000000 -101,000000 0,000000 0,000000
28 1684169074 4,000000 -1,000000 -101,000000 0,000000 0,000000
28 1684169075 4,000000 -1,000000 -101,000000 0,000000 0,000000
28 1684169076 4,000000 -1,000000 -101,000000 0,000000 0,000000
28 1684169077 0,800000 -1,000000 -101,000000 0,000000 0,000000
28 1684169078 0,800000 -1,000000 -101,000000 0,000000 0,000000
28 1684169079 0,800000 -1,000000 -101,000000 0,000000 0,000000
28 1684169080 0,800000 -1,000000 -101,000000 0,000000 0,000000
28 1684169081 0,800000 -1,000000 -101,000000 0,000000 0,000000
28 1684169082 1,800000 -1,000000 -101,000000 0,000000 0,000000
28 1684169083 1,800000 -1,000000 -101,000000 0,000000 0,000000
28 1684169084 1,800000 -1,000000 -101,000000 0,000000 0,000000
28 1684169085 1,800000 -1,000000 -101,000000 0,000000 0,000000
28 1684169086 1,800000 -1,000000 -101,000000 0,000000 0,000000
28 1684169087 2,600000 -1,000000 -101,000000 0,000000 0,000000
28 1684169088 2,600000 -1,000000 -101,000000 0,000000 0,000000
28 1684169089 2,600000 -1,000000 -101,000000 0,000000 0,000000
28 1684169090 2,600000 -1,000000 -101,000000 0,000000 0,000000
28 1684169091 2,600000 -1,000000 -101,000000 0,000000 0,000000
28 1684169092 5,600000 -1,000000 -101,000000 0,000000 0,000000
28 1684169093 5,600000 -1,000000 -101,000000 0,000000 0,000000
28 1684169094 5,600000 -1,000000 -101,000000 0,000000 0,000000
28 1684169095 5,600000 -1,000000 -101,000000 0,000000 0,000000
28 1684169096 5,600000 -1,000000 -101,000000 0,000000 0,000000
28 1684169097 5,000000 -1,000000 -101,000000 0,000000 0,000000
28 1684169098 5,000000 -1,000000 -101,000000 0,000000 0,000000
28 1684169099 5,000000 -1,000000 -101,000000 0,000000 0,000000
28 1684169100 5,000000 -1,000000 -101,000000 0,000000 0,000000
28 1684169101 5,000000 -1,000000 -101,000000 0,000000 0,000000
28 1684169102 2,800000 -1,000000 -101,000000 0,000000 0,000000
28 1684169103 2,800000 -1,000000 -101,000000 0,000000 0,000000
28 1684169104 2,800000 -1,000000 -101,000000 0,000000 0,000000
28 1684169105 2,800000 -1,000000 -101,000000 0,000000 0,000000
28 1684169106 2,800000 -1,000000 -101,000000 0,000000 0,000000
28 1684169107 4,600000 -1,000000 -101,000000 0,000000 0,000000
28 1684169108 4,600000 -1,000000 -101,000000 0,000000 0,000000
28 1684169109 4,600000 -1,000000 -101,000000 0,000000 0,000000
28 1684169110 4,600000 -1,000000 -101,000000 0,000000 0,000000
28 1684169111 4,600000 -1,000000 -101,000000 0,000000 0,000000
28 1684169112 5,000000 -1,000000 -101,000000 0,000000 0,000000
28 1684169113 5,000000 -1,000000 -101,000000 0,000000 0,000000
28 1684169114 5,000000 -1,000000 -101,000000 0,000000 0,000000
28 1684169115 5,000000 -1,000000 -101,000000 0,000000 0,000000
28 1684169116 5,000000 -1,000000 -101,000000 0,000000 0,000000
28 1684169117 3,800000 -1,000000 -101,000000 0,000000 0,000000
28 1684169118 3,800000 -1,000000 -101,000000 0,000000 0,000000
28 1684169119 3,800000 -1,000000 -101,000000 0,000000 0,000000
28 1684169120 3,800000 -1,000000 -101,000000 0,000000 0,000000
28 1684169121 3,800000 -1,000000 -101,000000 0,000000 0,000000
28 1684169122 3,800000 -1,000000 -101,000000 0,000000 0,000000
28 1684169123 3,800000 -1,000000 -101,000000 0,000000 0,000000
28 1684169124 3,800000 -1,000000 -101,000000 0,000000 0,000000
28 1684169125 3,800000 -1,000000 -101,000000 0,000000 0,000000
28 1684169126 3,800000 -1,000000 -101,000000 0,000000 0,000000
28 1684169127 6,600000 -1,000000 -101,000000 0,000000 0,000000
28 1684169128 6,600000 -1,000000 -101,000000 0,000000 0,000000
28 1684169129 6,600000 -1,000000 -101,000000 0,000000 0,000000
28 1684169130 6,600000 -1,000000 -101,000000 0,000000 0,000000
28 1684169131 6,600000 -1,000000 -101,000000 0,000000 0,000000
28 1684169132 3,800000 -1,000000 -101,000000 0,000000 0,000000
28 1684169133 3,800000 -1,000000 -101,000000 0,000000 0,000000
28 1684169134 3,800000 -1,000000 -101,000000 0,000000 0,000000
28 1684169135 3,800000 -1,000000 -101,000000 0,000000 0,000000
28 1684169136 3,800000 -1,000000 -101,000000 0,000000 0,000000
28 1684169137 0,200000 -1,000000 -101,000000 0,000000 0,000000
28 1684169138 0,200000 -1,000000 -101,000000 0,000000 0,000000
28 1684169139 0,200000 -1,000000 -101,000000 0,000000 0,000000
28 1684169140 0,200000 -1,000000 -101,000000 0,000000 0,000000
28 1684169141 0,200000 -1,000000 -101,000000 0,000000 0,000000
28 1684169142 3,200000 -1,000000 -101,000000 0,000000 0,000000
28 1684169143 3,200000 -1,000000 -101,000000 0,000000 0,000000
28 1684169144 3,200000 -1,000000 -101,000000 0,000000 0,000000
28 1684169145 3,200000 -1,000000 -101,000000 0,000000 0,000000
28 1684169146 3,200000 -1,000000 -101,000000 0,000000 0,000000
28 1684169147 3,400000 -1,000000 -101,000000 0,000000 0,000000
28 1684169148 3,400000 -1,000000 -101,000000 0,000000 0,000000
28 1684169149 3,400000 -1,000000 -101,000000 0,000000 0,000000
28 1684169150 3,400000 -1,000000 -101,000000 0,000000 0,000000
28 1684169151 3,400000 -1,000000 -101,000000 0,000000 0,000000
28 1684169152 2,600000 -1,000000 -101,000000 0,000000 0,000000
28 1684169153 2,600000 -1,000000 -101,000000 0,000000 0,000000
28 1684169154 2,600000 -1,000000 -101,000000 0,000000 0,000000
28 1684169155 2,600000 -1,000000 -101,000000 0,000000 0,000000
28 1684169156 2,600000 -1,000000 -101,000000 0,000000 0,000000
28 1684169157 1,800000 -1,000000 -101,000000 0,000000 0,000000
28 1684169158 1,800000 -1,000000 -101,000000 0,000000 0,000000
28 1684169159 1,800000 -1,000000 -101,000000 0,000000 0,000000
28 1684169160 1,800000 -1,000000 -101,000000 0,000000 0,000000
28 1684169161 1,800000 -1,000000 -101,000000 0,000000 0,000000
28 1684169162 4,000000 -1,000000 -101,000000 0,000000 0,000000
28 1684169163 4,000000 -1,000000 -101,000000 0,000000 0,000000
28 1684169164 4,000000 -1,000000 -101,000000 0,000000 0,000000
28 1684169165 4,000000 -1,000000 -101,000000 0,000000 0,000000
28 1684169166 4,000000 -1,000000 -101,000000 0,000000 0,000000
28 1684169167 5,800000 -1,000000 -101,000000 0,000000 0,000000
28 1684169168 5,800000 -1,000000 -101,000000 0,000000 0,000000
28 1684169169 5,800000 -1,000000 -101,000000 0,000000 0,000000
28 1684169170 5,800000 -1,000000 -101,000000 0,000000 0,000000
28 1684169171 5,800000 -1,000000 -101,000000 0,000000 0,000000
28 1684169172 3,400000 -1,000000 -101,000000 0,000000 0,000000
28 1684169173 3,400000 -1,000000 -101,000000 0,000000 0,000000
28 1684169174 3,400000 -1,000000 -101,000000 0,000000 0,000000
28 1684169175 3,400000 -1,000000 -101,000000 0,000000 0,000000
28 1684169176 3,400000 -1,000000 -101,000000 0,000000 0,000000
28 1684169177 2,400000 -1,000000 -101,000000 0,000000 0,000000
28 1684169178 2,400000 -1,000000 -101,000000 0,000000 0,000000
28 1684169179 2,400000 -1,000000 -101,000000 0,000000 0,000000
28 1684169180 2,400000 -1,000000 -101,000000 0,000000 0,000000
28 1684169181 2,400000 -1,000000 -101,000000 0,000000 0,000000
28 1684169182 4,600000 -1,000000 -101,000000 0,000000 0,000000
28 1684169183 4,600000 -1,000000 -101,000000 0,000000 0,000000
28 1684169184 4,600000 -1,000000 -101,000000 0,000000 0,000000
28 1684169185 4,600000 -1,000000 -101,000000 0,000000 0,000000
28 1684169186 4,600000 -1,000000 -101,000000 0,000000 0,000000
28 1684169187 4,200000 -1,000000 -101,000000 0,000000 0,000000
28 1684169188 4,200000 -1,000000 -101,000000 0,000000 0,000000
28 1684169189 4,200000 -1,000000 -101,000000 0,000000 0,000000
28 1684169190 4,200000 -1,000000 -101,000000 0,000000 0,000000
28 1684169191 4,200000 -1,000000 -101,000000 0,000000 0,000000
28 1684169192 5,600000 -1,000000 -101,000000 0,000000 0,000000
28 1684169193 5,600000 -1,000000 -101,000000 0,000000 0,000000
28 1684169194 5,600000 -1,000000 -101,000000 0,000000 0,000000
28 1684169195 5,600000 -1,000000 -101,000000 0,000000 0,000000
28 1684169196 5,600000 -1,000000 -101,000000 0,000000 0,000000
28 1684169197 1,600000 -1,000000 -101,000000 0,000000 0,000000
28 1684169198 1,600000 -1,000000 -101,000000 0,000000 0,000000
28 1684169199 1,600000 -1,000000 -101,000000 0,000000 0,000000
28 1684169200 1,600000 -1,000000 -101,000000 0,000000 0,000000
28 1684169201 1,600000 -1,000000 -101,000000 0,000000 0,000000
28 1684169202 2,600000 -1,000000 -101,000000 0,000000 0,000000
28 1684169203 2,600000 -1,000000 -101,000000 0,000000 0,000000
28 1684169204 2,600000 -1,000000 -101,000000 0,000000 0,000000
28 1684169205 2,600000 -1,000000 -101,000000 0,000000 0,000000
28 1684169206 2,600000 -1,000000 -101,000000 0,000000 0,000000
28 1684169207 6,000000 -1,000000 -101,000000 0,000000 0,000000
28 1684169208 6,000000 -1,000000 -101,000000 0,000000 0,000000
28 1684169209 6,000000 -1,000000 -101,000000 0,000000 0,000000
28 1684169210 6,000000 -1,000000 -101,000000 0,000000 0,000000
28 1684169211 6,000000 -1,000000 -101,000000 0,000000 0,000000
28 1684169212 3,400000 -1,000000 -101,000000 0,000000 0,000000
28 1684169213 3,400000 -1,000000 -101,000000 0,000000 0,000000
28 1684169214 3,400000 -1,000000 -101,000000 0,000000 0,000000
28 1684169215 3,400000 -1,000000 -101,000000 0,000000 0,000000
28 1684169216 3,400000 -1,000000 -101,000000 0,000000 0,000000
28 1684169217 3,000000 -1,000000 -101,000000 0,000000 0,000000
28 1684169218 3,000000 -1,000000 -101,000000 0,000000 0,000000
28 1684169219 3,000000 -1,000000 -101,000000 0,000000 0,000000
28 1684169220 3,000000 -1,000000 -101,000000 0,000000 0,000000
28 1684169221 3,000000 -1,000000 -101,000000 0,000000 0,000000
28 1684169222 5,800000 -1,000000 -101,000000 0,000000 0,000000
28 1684169223 5,800000 -1,000000 -101,000000 0,000000 0,000000
28 1684169224 5,800000 -1,000000 -101,000000 0,000000 0,000000
28 1684169225 5,800000 -1,000000 -101,000000 0,000000 0,000000
28 1684169226 5,800000 -1,000000 -101,000000 0,000000 0,000000
28 1684169227 5,200000 -1,000000 -101,000000 0,000000 0,000000
28 1684169228 5,200000 -1,000000 -101,000000 0,000000 0,000000
28 1684169229 5,200000 -1,000000 -101,000000 0,000000 0,000000
28 1684169230 5,200000 -1,000000 -101,000000 0,000000 0,000000
28 1684169231 5,200000 -1,000000 -101,000000 0,000000 0,000000
28 1684169232 5,400000 -1,000000 -101,000000 0,000000 0,000000
28 1684169233 5,400000 -1,000000 -101,000000 0,000000 0,000000
28 1684169234 5,400000 -1,000000 -101,000000 0,000000 0,000000
28 1684169235 5,400000 -1,000000 -101,000000 0,000000 0,000000
28 1684169236 5,400000 -1,000000 -101,000000 0,000000 0,000000
28 1684169237 2,400000 -1,000000 -101,000000 0,000000 0,000000
28 1684169238 2,400000 -1,000000 -101,000000 0,000000 0,000000
28 1684169239 2,400000 -1,000000 -101,000000 0,000000 0,000000
28 1684169240 2,400000 -1,000000 -101,000000 0,000000 0,000000
28 1684169241 2,400000 -1,000000 -101,000000 0,000000 0,000000
28 1684169242 2,000000 -1,000000 -101,000000 0,000000 0,000000
28 1684169243 2,000000 -1,000000 -101,000000 0,000000 0,000000
28 1684169244 2,000000 -1,000000 -101,000000 0,000000 0,000000
28 1684169245 2,000000 -1,000000 -101,000000 0,000000 0,000000
28 1684169246 2,000000 -1,000000 -101,000000 0,000000 0,000000
28 1684169247 6,000000 -1,000000 -101,000000 0,000000 0,000000
28 1684169248 6,000000 -1,000000 -101,000000 0,000000 0,000000
28 1684169249 6,000000 -1,000000 -101,000000 0,000000 0,000000
28 1684169250 6,000000 -1,000000 -101,000000 0,000000 0,000000
28 1684169251 6,000000 -1,000000 -101,000000 0,000000 0,000000
28 1684169252 0,200000 -1,000000 -101,000000 0,000000 0,000000
28 1684169253 0,200000 -1,000000 -101,000000 0,000000 0,000000
28 1684169254 0,200000 -1,000000 -101,000000 0,000000 0,000000
28 1684169255 0,200000 -1,000000 -101,000000 0,000000 0,000000
28 1684169256 0,200000 -1,000000 -101,000000 0,000000 0,000000
28 1684169257 0,200000 -1,000000 -101,000000 0,000000 0,000000
28 1684169258 0,200000 -1,000000 -101,000000 0,000000 0,000000
28 1684169259 0,200000 -1,000000 -101,000000 0,000000 0,000000
28 1684169260 0,200000 -1,000000 -101,000000 0,000000 0,000000
28 1684169261 0,200000 -1,000000 -101,000000 0,000000 0,000000
28 1684169262 6,400000 -1,000000 -101,000000 0,000000 0,000000
28 1684169263 6,400000 -1,000000 -101,000000 0,000000 0,000000
28 1684169264 6,400000 -1,000000 -101,000000 0,000000 0,000000
28 1684169265 6,400000 -1,000000 -101,000000 0,000000 0,000000
28 1684169266 6,400000 -1,000000 -101,000000 0,000000 0,000000
28 1684169267 8,600000 -1,000000 -101,000000 0,000000 0,000000
28 1684169268 8,600000 -1,000000 -101,000000 0,000000 0,000000
28 1684169269 8,600000 -1,000000 -101,000000 0,000000 0,000000
28 1684169270 8,600000 -1,000000 -101,000000 0,000000 0,000000
28 1684169271 8,600000 -1,000000 -101,000000 0,000000 0,000000
28 1684169272 4,800000 -1,000000 -101,000000 0,000000 0,000000
28 1684169273 4,800000 -1,000000 -101,000000 0,000000 0,000000
28 1684169274 4,800000 -1,000000 -101,000000 0,000000 0,000000
28 1684169275 4,800000 -1,000000 -101,000000 0,000000 0,000000
28 1684169276 4,800000 -1,000000 -101,000000 0,000000 0,000000
28 1684169277 2,400000 -1,000000 -101,000000 0,000000 0,000000
28 1684169278 2,400000 -1,000000 -101,000000 0,000000 0,000000
28 1684169279 2,400000 -1,000000 -101,000000 0,000000 0,000000
28 1684169280 2,400000 -1,000000 -101,000000 0,000000 0,000000
28 1684169281 2,400000 -1,000000 -101,000000 0,000000 0,000000
28 1684169282 4,600000 -1,000000 -101,000000 0,000000 0,000000
28 1684169283 4,600000 -1,000000 -101,000000 0,000000 0,000000
28 1684169284 4,600000 -1,000000 -101,000000 0,000000 0,000000
28 1684169285 4,600000 -1,000000 -101,000000 0,000000 0,000000
28 1684169286 4,600000 -1,000000 -101,000000 0,000000 0,000000
28 1684169287 4,400000 -1,000000 -101,000000 0,000000 0,000000
28 1684169288 4,400000 -1,000000 -101,000000 0,000000 0,000000
28 1684169289 4,400000 -1,000000 -101,000000 0,000000 0,000000
28 1684169290 4,400000 -1,000000 -101,000000 0,000000 0,000000
28 1684169291 4,400000 -1,000000 -101,000000 0,000000 0,000000
28 1684169292 0,200000 -1,000000 -101,000000 0,000000 0,000000
28 1684169293 0,200000 -1,000000 -101,000000 0,000000 0,000000
28 1684169294 0,200000 -1,000000 -101,000000 0,000000 0,000000
28 1684169295 0,200000 -1,000000 -101,000000 0,000000 0,000000
28 1684169296 0,200000 -1,000000 -101,000000 0,000000 0,000000
28 1684169297 0,200000 -1,000000 -101,000000 0,000000 0,000000
28 1684169298 0,200000 -1,000000 -101,000000 0,000000 0,000000
28 1684169299 0,200000 -1,000000 -101,000000 0,000000 0,000000
28 1684169300 0,200000 -1,000000 -101,000000 0,000000 0,000000
28 1684169301 0,200000 -1,000000 -101,000000 0,000000 0,000000
28 1684169302 4,800000 -1,000000 -101,000000 0,000000 0,000000
28 1684169303 4,800000 -1,000000 -101,000000 0,000000 0,000000
28 1684169304 4,800000 -1,000000 -101,000000 0,000000 0,000000
28 1684169305 4,800000 -1,000000 -101,000000 0,000000 0,000000
28 1684169306 4,800000 -1,000000 -101,000000 0,000000 0,000000
28 1684169307 3,200000 -1,000000 -101,000000 0,000000 0,000000
28 1684169308 3,200000 -1,000000 -101,000000 0,000000 0,000000
28 1684169309 3,200000 -1,000000 -101,000000 0,000000 0,000000
28 1684169310 3,200000 -1,000000 -101,000000 0,000000 0,000000
28 1684169311 3,200000 -1,000000 -101,000000 0,000000 0,000000
28 1684169312 2,000000 -1,000000 -101,000000 0,000000 0,000000
28 1684169313 2,000000 -1,000000 -101,000000 0,000000 0,000000
28 1684169314 2,000000 -1,000000 -101,000000 0,000000 0,000000
28 1684169315 2,000000 -1,000000 -101,000000 0,000000 0,000000
28 1684169316 2,000000 -1,000000 -101,000000 0,000000 0,000000
28 1684169317 5,000000 -1,000000 -101,000000 0,000000 0,000000
28 1684169318 5,000000 -1,000000 -101,000000 0,000000 0,000000
28 1684169319 5,000000 -1,000000 -101,000000 0,000000 0,000000
28 1684169320 5,000000 -1,000000 -101,000000 0,000000 0,000000
28 1684169321 5,000000 -1,000000 -101,000000 0,000000 0,000000
28 1684169322 5,600000 -1,000000 -101,000000 0,000000 0,000000
28 1684169323 5,600000 -1,000000 -101,000000 0,000000 0,000000
28 1684169324 5,600000 -1,000000 -101,000000 0,000000 0,000000
28 1684169325 5,600000 -1,000000 -101,000000 0,000000 0,000000
28 1684169326 5,600000 -1,000000 -101,000000 0,000000 0,000000
28 1684169327 0,800000 -1,000000 -101,000000 0,000000 0,000000
28 1684169328 0,800000 -1,000000 -101,000000 0,000000 0,000000
28 1684169329 0,800000 -1,000000 -101,000000 0,000000 0,000000
28 1684169330 0,800000 -1,000000 -101,000000 0,000000 0,000000
28 1684169331 0,800000 -1,000000 -101,000000 0,000000 0,000000
28 1684169332 0,200000 -1,000000 -101,000000 0,000000 0,000000
28 1684169333 0,200000 -1,000000 -101,000000 0,000000 0,000000
28 1684169334 0,200000 -1,000000 -101,000000 0,000000 0,000000
28 1684169335 0,200000 -1,000000 -101,000000 0,000000 0,000000
28 1684169336 0,200000 -1,000000 -101,000000 0,000000 0,000000
28 1684169337 1,600000 -1,000000 -101,000000 0,000000 0,000000
28 1684169338 1,600000 -1,000000 -101,000000 0,000000 0,000000
28 1684169339 1,600000 -1,000000 -101,000000 0,000000 0,000000
28 1684169340 1,600000 -1,000000 -101,000000 0,000000 0,000000
28 1684169341 1,600000 -1,000000 -101,000000 0,000000 0,000000
28 1684169342 3,200000 -1,000000 -101,000000 0,000000 0,000000
28 1684169343 3,200000 -1,000000 -101,000000 0,000000 0,000000
28 1684169344 3,200000 -1,000000 -101,000000 0,000000 0,000000
28 1684169345 3,200000 -1,000000 -101,000000 0,000000 0,000000
28 1684169346 3,200000 -1,000000 -101,000000 0,000000 0,000000
28 1684169347 4,800000 -1,000000 -101,000000 0,000000 0,000000
28 1684169348 4,800000 -1,000000 -101,000000 0,000000 0,000000
28 1684169349 4,800000 -1,000000 -101,000000 0,000000 0,000000
28 1684169350 4,800000 -1,000000 -101,000000 0,000000 0,000000
28 1684169351 4,800000 -1,000000 -101,000000 0,000000 0,000000
28 1684169352 3,400000 -1,000000 -101,000000 0,000000 0,000000
28 1684169353 3,400000 -1,000000 -101,000000 0,000000 0,000000
28 1684169354 3,400000 -1,000000 -101,000000 0,000000 0,000000
28 1684169355 3,400000 -1,000000 -101,000000 0,000000 0,000000
28 1684169356 3,400000 -1,000000 -101,000000 0,000000 0,000000
28 1684169357 6,200000 -1,000000 -101,000000 0,000000 0,000000
28 1684169358 6,200000 -1,000000 -101,000000 0,000000 0,000000
28 1684169359 6,200000 -1,000000 -101,000000 0,000000 0,000000
28 1684169360 6,200000 -1,000000 -101,000000 0,000000 0,000000
28 1684169361 6,200000 -1,000000 -101,000000 0,000000 0,000000
28 1684169362 7,200000 -1,000000 -101,000000 0,000000 0,000000
28 1684169363 7,200000 -1,000000 -101,000000 0,000000 0,000000
28 1684169364 7,200000 -1,000000 -101,000000 0,000000 0,000000
28 1684169365 7,200000 -1,000000 -101,000000 0,000000 0,000000
28 1684169366 7,200000 -1,000000 -101,000000 0,000000 0,000000
28 1684169367 4,000000 -1,000000 -101,000000 0,000000 0,000000
28 1684169368 4,000000 -1,000000 -101,000000 0,000000 0,000000
28 1684169369 4,000000 -1,000000 -101,000000 0,000000 0,000000
28 1684169370 4,000000 -1,000000 -101,000000 0,000000 0,000000
28 1684169371 4,000000 -1,000000 -101,000000 0,000000 0,000000
28 1684169372 4,000000 -1,000000 -101,000000 0,000000 0,000000
28 1684169373 4,000000 -1,000000 -101,000000 0,000000 0,000000
28 1684169374 4,000000 -1,000000 -101,000000 0,000000 0,000000
28 1684169375 4,000000 -1,000000 -101,000000 0,000000 0,000000
28 1684169376 4,000000 -1,000000 -101,000000 0,000000 0,000000
28 1684169377 3,800000 -1,000000 -101,000000 0,000000 0,000000
28 1684169378 3,800000 -1,000000 -101,000000 0,000000 0,000000
28 1684169379 3,800000 -1,000000 -101,000000 0,000000 0,000000
28 1684169380 3,800000 -1,000000 -101,000000 0,000000 0,000000
28 1684169381 3,800000 -1,000000 -101,000000 0,000000 0,000000
28 1684169382 3,800000 -1,000000 -101,000000 0,000000 0,000000
28 1684169383 3,800000 -1,000000 -101,000000 0,000000 0,000000
28 1684169384 3,800000 -1,000000 -101,000000 0,000000 0,000000
28 1684169385 3,800000 -1,000000 -101,000000 0,000000 0,000000
28 1684169386 3,800000 -1,000000 -101,000000 0,000000 0,000000
28 1684169387 4,600000 -1,000000 -101,000000 0,000000 0,000000
28 1684169388 4,600000 -1,000000 -101,000000 0,000000 0,000000
28 1684169389 4,600000 -1,000000 -101,000000 0,000000 0,000000
28 1684169390 4,600000 -1,000000 -101,000000 0,000000 0,000000
28 1684169391 4,600000 -1,000000 -101,000000 0,000000 0,000000
28 1684169392 2,000000 -1,000000 -101,000000 0,000000 0,000000
28 1684169393 2,000000 -1,000000 -101,000000 0,000000 0,000000
28 1684169394 2,000000 -1,000000 -101,000000 0,000000 0,000000
28 1684169395 2,000000 -1,000000 -101,000000 0,000000 0,000000
28 1684169396 2,000000 -1,000000 -101,000000 0,000000 0,000000
28 1684169397 1,800000 -1,000000 -101,000000 0,000000 0,000000
28 1684169398 1,800000 -1,000000 -101,000000 0,000000 0,000000
28 1684169399 1,800000 -1,000000 -101,000000 0,000000 0,000000
28 1684169400 1,800000 -1,000000 -101,000000 0,000000 0,000000
28 1684169401 1,800000 -1,000000 -101,000000 0,000000 0,000000
28 1684169402 4,200000 -1,000000 -101,000000 0,000000 0,000000
28 1684169403 4,200000 -1,000000 -101,000000 0,000000 0,000000
28 1684169404 4,200000 -1,000000 -101,000000 0,000000 0,000000
28 1684169405 4,200000 -1,000000 -101,000000 0,000000 0,000000
28 1684169406 4,200000 -1,000000 -101,000000 0,000000 0,000000
28 1684169407 0,200000 -1,000000 -101,000000 0,000000 0,000000
28 1684169408 0,200000 -1,000000 -101,000000 0,000000 0,000000
28 1684169409 0,200000 -1,000000 -101,000000 0,000000 0,000000
28 1684169410 0,200000 -1,000000 -101,000000 0,000000 0,000000
28 1684169411 0,200000 -1,000000 -101,000000 0,000000 0,000000
28 1684169412 3,400000 -1,000000 -101,000000 0,000000 0,000000
28 1684169413 3,400000 -1,000000 -101,000000 0,000000 0,000000
28 1684169414 3,400000 -1,000000 -101,000000 0,000000 0,000000
28 1684169415 3,400000 -1,000000 -101,000000 0,000000 0,000000
28 1684169416 3,400000 -1,000000 -101,000000 0,000000 0,000000
28 1684169417 6,000000 -1,000000 -101,000000 0,000000 0,000000
28 1684169418 6,000000 -1,000000 -101,000000 0,000000 0,000000
28 1684169419 6,000000 -1,000000 -101,000000 0,000000 0,000000
28 1684169420 6,000000 -1,000000 -101,000000 0,000000 0,000000
28 1684169421 6,000000 -1,000000 -101,000000 0,000000 0,000000
28 1684169422 6,400000 -1,000000 -101,000000 0,000000 0,000000
28 1684169423 6,400000 -1,000000 -101,000000 0,000000 0,000000
28 1684169424 6,400000 -1,000000 -101,000000 0,000000 0,000000
28 1684169425 6,400000 -1,000000 -101,000000 0,000000 0,000000
28 1684169426 6,400000 -1,000000 -101,000000 0,000000 0,000000
28 1684169427 6,400000 -1,000000 -101,000000 0,000000 0,000000
28 1684169428 6,400000 -1,000000 -101,000000 0,000000 0,000000
28 1684169429 6,400000 -1,000000 -101,000000 0,000000 0,000000
28 1684169430 6,400000 -1,000000 -101,000000 0,000000 0,000000
28 1684169431 6,400000 -1,000000 -101,000000 0,000000 0,000000
28 1684169432 4,800000 -1,000000 -101,000000 0,000000 0,000000
28 1684169433 4,800000 -1,000000 -101,000000 0,000000 0,000000
28 1684169434 4,800000 -1,000000 -101,000000 0,000000 0,000000
28 1684169435 4,800000 -1,000000 -101,000000 0,000000 0,000000
28 1684169436 4,800000 -1,000000 -101,000000 0,000000 0,000000
28 1684169437 6,400000 -1,000000 -101,000000 0,000000 0,000000
28 1684169438 6,400000 -1,000000 -101,000000 0,000000 0,000000
28 1684169439 6,400000 -1,000000 -101,000000 0,000000 0,000000
28 1684169440 6,400000 -1,000000 -101,000000 0,000000 0,000000
28 1684169441 6,400000 -1,000000 -101,000000 0,000000 0,000000
28 1684169442 6,800000 -1,000000 -101,000000 0,000000 0,000000
28 1684169443 6,800000 -1,000000 -101,000000 0,000000 0,000000
28 1684169444 6,800000 -1,000000 -101,000000 0,000000 0,000000
28 1684169445 6,800000 -1,000000 -101,000000 0,000000 0,000000
28 1684169446 6,800000 -1,000000 -101,000000 0,000000 0,000000
28 1684169447 1,600000 -1,000000 -101,000000 0,000000 0,000000
28 1684169448 1,600000 -1,000000 -101,000000 0,000000 0,000000
28 1684169449 1,600000 -1,000000 -101,000000 0,000000 0,000000
28 1684169450 1,600000 -1,000000 -101,000000 0,000000 0,000000
28 1684169451 1,600000 -1,000000 -101,000000 0,000000 0,000000
28 1684169452 2,600000 -1,000000 -101,000000 0,000000 0,000000
28 1684169453 2,600000 -1,000000 -101,000000 0,000000 0,000000
28 1684169454 2,600000 -1,000000 -101,000000 0,000000 0,000000
28 1684169455 2,600000 -1,000000 -101,000000 0,000000 0,000000
28 1684169456 2,600000 -1,000000 -101,000000 0,000000 0,000000
28 1684169457 4,400000 -1,000000 -101,000000 0,000000 0,000000
28 1684169458 4,400000 -1,000000 -101,000000 0,000000 0,000000
28 1684169459 4,400000 -1,000000 -101,000000 0,000000 0,000000
28 1684169460 4,400000 -1,000000 -101,000000 0,000000 0,000000
28 1684169461 4,400000 -1,000000 -101,000000 0,000000 0,000000
28 1684169462 4,400000 -1,000000 -101,000000 0,000000 0,000000
28 1684169463 4,400000 -1,000000 -101,000000 0,000000 0,000000
28 1684169464 4,400000 -1,000000 -101,000000 0,000000 0,000000
28 1684169465 4,400000 -1,000000 -101,000000 0,000000 0,000000
28 1684169466 4,400000 -1,000000 -101,000000 0,000000 0,000000
28 1684169467 3,400000 -1,000000 -101,000000 0,000000 0,000000
28 1684169468 3,400000 -1,000000 -101,000000 0,000000 0,000000
28 1684169469 3,400000 -1,000000 -101,000000 0,000000 0,000000
28 1684169470 3,400000 -1,000000 -101,000000 0,000000 0,000000
28 1684169471 3,400000 -1,000000 -101,000000 0,000000 0,000000
28 1684169472 1,600000 -1,000000 -101,000000 0,000000 0,000000
28 1684169473 1,600000 -1,000000 -101,000000 0,000000 0,000000
28 1684169474 1,600000 -1,000000 -101,000000 0,000000 0,000000
28 1684169475 1,600000 -1,000000 -101,000000 0,000000 0,000000
28 1684169476 1,600000 -1,000000 -101,000000 0,000000 0,000000
28 1684169477 2,600000 -1,000000 -101,000000 0,000000 0,000000
28 1684169478 2,600000 -1,000000 -101,000000 0,000000 0,000000
28 1684169479 2,600000 -1,000000 -101,000000 0,000000 0,000000
28 1684169480 2,600000 -1,000000 -101,000000 0,000000 0,000000
28 1684169481 2,600000 -1,000000 -101,000000 0,000000 0,000000
28 1684169482 3,800000 -1,000000 -101,000000 0,000000 0,000000
28 1684169483 3,800000 -1,000000 -101,000000 0,000000 0,000000
28 1684169484 3,800000 -1,000000 -101,000000 0,000000 0,000000
28 1684169485 3,800000 -1,000000 -101,000000 0,000000 0,000000
28 1684169486 3,800000 -1,000000 -101,000000 0,000000 0,000000
28 1684169487 1,800000 -1,000000 -101,000000 0,000000 0,000000
28 1684169488 1,800000 -1,000000 -101,000000 0,000000 0,000000
28 1684169489 1,800000 -1,000000 -101,000000 0,000000 0,000000
28 1684169490 1,800000 -1,000000 -101,000000 0,000000 0,000000
28 1684169491 1,800000 -1,000000 -101,000000 0,000000 0,000000
28 1684169492 0,800000 -1,000000 -101,000000 0,000000 0,000000
28 1684169493 0,800000 -1,000000 -101,000000 0,000000 0,000000
28 1684169494 0,800000 -1,000000 -101,000000 0,000000 0,000000
28 1684169495 0,800000 -1,000000 -101,000000 0,000000 0,000000
28 1684169496 0,800000 -1,000000 -101,000000 0,000000 0,000000
28 1684169497 3,400000 -1,000000 -101,000000 0,000000 0,000000
28 1684169498 3,400000 -1,000000 -101,000000 0,000000 0,000000
28 1684169499 3,400000 -1,000000 -101,000000 0,000000 0,000000
28 1684169500 3,400000 -1,000000 -101,000000 0,000000 0,000000
28 1684169501 3,400000 -1,000000 -101,000000 0,000000 0,000000
28 1684169502 4,400000 -1,000000 -101,000000 0,000000 0,000000
28 1684169503 4,400000 -1,000000 -101,000000 0,000000 0,000000
28 1684169504 4,400000 -1,000000 -101,000000 0,000000 0,000000
28 1684169505 4,400000 -1,000000 -101,000000 0,000000 0,000000
28 1684169506 4,400000 -1,000000 -101,000000 0,000000 0,000000
28 1684169507 0,200000 -1,000000 -101,000000 0,000000 0,000000
28 1684169508 0,200000 -1,000000 -101,000000 0,000000 0,000000
28 1684169509 0,200000 -1,000000 -101,000000 0,000000 0,000000
28 1684169510 0,200000 -1,000000 -101,000000 0,000000 0,000000
28 1684169511 0,200000 -1,000000 -101,000000 0,000000 0,000000
28 1684169512 3,400000 -1,000000 -101,000000 0,000000 0,000000
28 1684169513 3,400000 -1,000000 -101,000000 0,000000 0,000000
28 1684169514 3,400000 -1,000000 -101,000000 0,000000 0,000000
28 1684169515 3,400000 -1,000000 -101,000000 0,000000 0,000000
28 1684169516 3,400000 -1,000000 -101,000000 0,000000 0,000000
28 1684169517 7,200000 -1,000000 -101,000000 0,000000 0,000000
28 1684169518 7,200000 -1,000000 -101,000000 0,000000 0,000000
28 1684169519 7,200000 -1,000000 -101,000000 0,000000 0,000000
28 1684169520 7,200000 -1,000000 -101,000000 0,000000 0,000000
28 1684169521 7,200000 -1,000000 -101,000000 0,000000 0,000000
28 1684169522 4,600000 -1,000000 -101,000000 0,000000 0,000000
28 1684169523 4,600000 -1,000000 -101,000000 0,000000 0,000000
28 1684169524 4,600000 -1,000000 -101,000000 0,000000 0,000000
28 1684169525 4,600000 -1,000000 -101,000000 0,000000 0,000000
28 1684169526 4,600000 -1,000000 -101,000000 0,000000 0,000000
28 1684169527 5,000000 -1,000000 -101,000000 0,000000 0,000000
28 1684169528 5,000000 -1,000000 -101,000000 0,000000 0,000000
28 1684169529 5,000000 -1,000000 -101,000000 0,000000 0,000000
28 1684169530 5,000000 -1,000000 -101,000000 0,000000 0,000000
28 1684169531 5,000000 -1,000000 -101,000000 0,000000 0,000000
28 1684169532 3,600000 -1,000000 -101,000000 0,000000 0,000000
28 1684169533 3,600000 -1,000000 -101,000000 0,000000 0,000000
28 1684169534 3,600000 -1,000000 -101,000000 0,000000 0,000000
28 1684169535 3,600000 -1,000000 -101,000000 0,000000 0,000000
28 1684169596 1,800000 -1,000000 1,800000 1,800000 0,000000
28 1684169595 1,800000 -1,000000 1,800000 1,800000 0,000000
28 1684169594 1,800000 -1,000000 1,800000 1,800000 0,000000
28 1684169593 1,800000 -1,000000 1,800000 1,800000 0,000000
28 1684169592 1,800000 -1,000000 1,800000 1,800000 0,000000
28 1684169591 0,200000 -1,000000 0,200000 0,200000 0,000000
28 1684169590 0,200000 -1,000000 0,200000 0,200000 0,000000
28 1684169589 0,200000 -1,000000 0,200000 0,200000 0,000000
28 1684169588 0,200000 -1,000000 0,200000 0,200000 0,000000
28 1684169587 0,200000 -1,000000 0,200000 0,200000 0,000000
28 1684169586 2,600000 -1,000000 2,600000 2,600000 0,000000
28 1684169585 2,600000 -1,000000 2,600000 2,600000 0,000000
28 1684169584 2,600000 -1,000000 2,600000 2,600000 0,000000
28 1684169583 2,600000 -1,000000 2,600000 2,600000 0,000000
28 1684169582 2,600000 -1,000000 2,600000 2,600000 0,000000
28 1684169581 4,000000 -1,000000 4,000000 4,000000 0,000000
28 1684169580 4,000000 -1,000000 4,000000 4,000000 0,000000
28 1684169579 4,000000 -1,000000 4,000000 4,000000 0,000000
28 1684169578 4,000000 -1,000000 4,000000 4,000000 0,000000
28 1684169577 4,000000 -1,000000 4,000000 4,000000 0,000000
28 1684169576 3,200000 -1,000000 3,200000 3,200000 0,000000
28 1684169575 3,200000 -1,000000 3,200000 3,200000 0,000000
28 1684169574 3,200000 -1,000000 3,200000 3,200000 0,000000
28 1684169573 3,200000 -1,000000 3,200000 3,200000 0,000000
28 1684169572 3,200000 -1,000000 3,200000 3,200000 0,000000
28 1684169571 2,200000 -1,000000 2,200000 2,200000 0,000000
28 1684169570 2,200000 -1,000000 2,200000 2,200000 0,000000
28 1684169569 2,200000 -1,000000 2,200000 2,200000 0,000000
28 1684169568 2,200000 -1,000000 2,200000 2,200000 0,000000
28 1684169567 2,200000 -1,000000 2,200000 2,200000 0,000000
28 1684169566 3,400000 -1,000000 3,400000 3,400000 0,000000
28 1684169565 3,400000 -1,000000 3,400000 3,400000 0,000000
28 1684169564 3,400000 -1,000000 3,400000 3,400000 0,000000
28 1684169563 3,400000 -1,000000 3,400000 3,400000 0,000000
28 1684169562 3,400000 -1,000000 3,400000 3,400000 0,000000
28 1684169561 4,200000 -1,000000 4,200000 4,200000 0,000000
28 1684169560 4,200000 -1,000000 4,200000 4,200000 0,000000
28 1684169559 4,200000 -1,000000 4,200000 4,200000 0,000000
28 1684169558 4,200000 -1,000000 4,200000 4,200000 0,000000
28 1684169557 4,200000 -1,000000 4,200000 4,200000 0,000000
28 1684169556 1,800000 -1,000000 1,800000 1,800000 0,000000
28 1684169555 1,800000 -1,000000 1,800000 1,800000 0,000000
28 1684169554 1,800000 -1,000000 1,800000 1,800000 0,000000
28 1684169553 1,800000 -1,000000 1,800000 1,800000 0,000000
28 1684169552 1,800000 -1,000000 1,800000 1,800000 0,000000
28 1684169551 0,200000 -1,000000 0,200000 0,200000 0,000000
28 1684169550 0,200000 -1,000000 0,200000 0,200000 0,000000
28 1684169549 0,200000 -1,000000 0,200000 0,200000 0,000000
28 1684169548 0,200000 -1,000000 0,200000 0,200000 0,000000
28 1684169547 0,200000 -1,000000 0,200000 0,200000 0,000000
28 1684169546 5,000000 -1,000000 5,000000 5,000000 0,000000
28 1684169545 5,000000 -1,000000 5,000000 5,000000 0,000000
28 1684169544 5,000000 -1,000000 5,000000 5,000000 0,000000
28 1684169543 5,000000 -1,000000 5,000000 5,000000 0,000000
28 1684169542 5,000000 -1,000000 5,000000 5,000000 0,000000
28 1684169541 2,600000 -1,000000 2,600000 2,600000 0,000000
28 1684169540 2,600000 -1,000000 2,600000 2,600000 0,000000
28 1684169539 2,600000 -1,000000 2,600000 2,600000 0,000000
28 1684169538 2,600000 -1,000000 2,600000 2,600000 0,000000
28 1684169537 2,600000 -1,000000 2,600000 2,600000 0,000000
28 1684169536 3,600000 -1,000000 3,600000 3,600000 0,000000
28 1684169536 3,600000 -1,000000 -101,000000 0,000000 0,000000
28 1684169537 2,600000 -1,000000 -101,000000 0,000000 0,000000
28 1684169538 2,600000 -1,000000 -101,000000 0,000000 0,000000
28 1684169539 2,600000 -1,000000 -101,000000 0,000000 0,000000
28 1684169540 2,600000 -1,000000 -101,000000 0,000000 0,000000
28 1684169541 2,600000 -1,000000 -101,000000 0,000000 0,000000
28 1684169542 5,000000 -1,000000 -101,000000 0,000000 0,000000
28 1684169543 5,000000 -1,000000 -101,000000 0,000000 0,000000
28 1684169544 5,000000 -1,000000 -101,000000 0,000000 0,000000
28 1684169545 5,000000 -1,000000 -101,000000 0,000000 0,000000
28 1684169546 5,000000 -1,000000 -101,000000 0,000000 0,000000
28 1684169547 0,200000 -1,000000 -101,000000 0,000000 0,000000
28 1684169548 0,200000 -1,000000 -101,000000 0,000000 0,000000
28 1684169549 0,200000 -1,000000 -101,000000 0,000000 0,000000
28 1684169550 0,200000 -1,000000 -101,000000 0,000000 0,000000
28 1684169551 0,200000 -1,000000 -101,000000 0,000000 0,000000
28 1684169552 1,800000 -1,000000 -101,000000 0,000000 0,000000
28 1684169553 1,800000 -1,000000 -101,000000 0,000000 0,000000
28 1684169554 1,800000 -1,000000 -101,000000 0,000000 0,000000
28 1684169555 1,800000 -1,000000 -101,000000 0,000000 0,000000
28 1684169556 1,800000 -1,000000 -101,000000 0,000000 0,000000
28 1684169557 4,200000 -1,000000 -101,000000 0,000000 0,000000
28 1684169558 4,200000 -1,000000 -101,000000 0,000000 0,000000
28 1684169559 4,200000 -1,000000 -101,000000 0,000000 0,000000
28 1684169560 4,200000 -1,000000 -101,000000 0,000000 0,000000
28 1684169561 4,200000 -1,000000 -101,000000 0,000000 0,000000
28 1684169562 3,400000 -1,000000 -101,000000 0,000000 0,000000
28 1684169563 3,400000 -1,000000 -101,000000 0,000000 0,000000
28 1684169564 3,400000 -1,000000 -101,000000 0,000000 0,000000
28 1684169565 3,400000 -1,000000 -101,000000 0,000000 0,000000
28 1684169566 3,400000 -1,000000 -101,000000 0,000000 0,000000
28 1684169567 2,200000 -1,000000 -101,000000 0,000000 0,000000
28 1684169568 2,200000 -1,000000 -101,000000 0,000000 0,000000
28 1684169569 2,200000 -1,000000 -101,000000 0,000000 0,000000
28 1684169570 2,200000 -1,000000 -101,000000 0,000000 0,000000
28 1684169571 2,200000 -1,000000 -101,000000 0,000000 0,000000
28 1684169572 3,200000 -1,000000 -101,000000 0,000000 0,000000
28 1684169573 3,200000 -1,000000 -101,000000 0,000000 0,000000
28 1684169574 3,200000 -1,000000 -101,000000 0,000000 0,000000
28 1684169575 3,200000 -1,000000 -101,000000 0,000000 0,000000
28 1684169576 3,200000 -1,000000 -101,000000 0,000000 0,000000
28 1684169577 4,000000 -1,000000 -101,000000 0,000000 0,000000
28 1684169578 4,000000 -1,000000 -101,000000 0,000000 0,000000
28 1684169579 4,000000 -1,000000 -101,000000 0,000000 0,000000
28 1684169580 4,000000 -1,000000 -101,000000 0,000000 0,000000
28 1684169581 4,000000 -1,000000 -101,000000 0,000000 0,000000
28 1684169582 2,600000 -1,000000 -101,000000 0,000000 0,000000
28 1684169583 2,600000 -1,000000 -101,000000 0,000000 0,000000
28 1684169584 2,600000 -1,000000 -101,000000 0,000000 0,000000
28 1684169585 2,600000 -1,000000 -101,000000 0,000000 0,000000
28 1684169586 2,600000 -1,000000 -101,000000 0,000000 0,000000
28 1684169587 0,200000 -1,000000 -101,000000 0,000000 0,000000
28 1684169588 0,200000 -1,000000 -101,000000 0,000000 0,000000
28 1684169589 0,200000 -1,000000 -101,000000 0,000000 0,000000
28 1684169590 0,200000 -1,000000 -101,000000 0,000000 0,000000
28 1684169591 0,200000 -1,000000 -101,000000 0,000000 0,000000
28 1684169592 1,800000 -1,000000 -101,000000 0,000000 0,000000
28 1684169593 1,800000 -1,000000 -101,000000 0,000000 0,000000
28 1684169594 1,800000 -1,000000 -101,000000 0,000000 0,000000
28 1684169595 1,800000 -1,000000 -101,000000 0,000000 0,000000
28 1684169596 1,800000 -1,000000 -101,000000 0,000000 0,000000
28 1684169597 4,200000 -1,000000 -101,000000 0,000000 0,000000
28 1684169598 4,200000 -1,000000 -101,000000 0,000000 0,000000
28 1684169599 4,200000 -1,000000 -101,000000 0,000000 0,000000
28 1684169600 4,200000 -1,000000 -101,000000 0,000000 0,000000
28 1684169601 4,200000 -1,000000 -101,000000 0,000000 0,000000
28 1684169602 3,400000 -1,000000 -101,000000 0,000000 0,000000
28 1684169603 3,400000 -1,000000 -101,000000 0,000000 0,000000
28 1684169604 3,400000 -1,000000 -101,000000 0,000000 0,000000
28 1684169605 3,400000 -1,000000 -101,000000 0,000000 0,000000
28 1684169606 3,400000 -1,000000 -101,000000 0,000000 0,000000
28 1684169607 5,400000 -1,000000 -101,000000 0,000000 0,000000
28 1684169608 5,400000 -1,000000 -101,000000 0,000000 0,000000
28 1684169609 5,400000 -1,000000 -101,000000 0,000000 0,000000
28 1684169610 5,400000 -1,000000 -101,000000 0,000000 0,000000
28 1684169611 5,400000 -1,000000 -101,000000 0,000000 0,000000
28 1684169612 9,400000 -1,000000 -101,000000 0,000000 0,000000
28 1684169613 9,400000 -1,000000 -101,000000 0,000000 0,000000
28 1684169614 9,400000 -1,000000 -101,000000 0,000000 0,000000
28 1684169615 9,400000 -1,000000 -101,000000 0,000000 0,000000
28 1684169616 9,400000 -1,000000 -101,000000 0,000000 0,000000
28 1684169617 7,600000 -1,000000 -101,000000 0,000000 0,000000
28 1684169618 7,600000 -1,000000 -101,000000 0,000000 0,000000
28 1684169619 7,600000 -1,000000 -101,000000 0,000000 0,000000
28 1684169620 7,600000 -1,000000 -101,000000 0,000000 0,000000
28 1684169621 7,600000 -1,000000 -101,000000 0,000000 0,000000
28 1684169622 9,200000 -1,000000 -101,000000 0,000000 0,000000
28 1684169623 9,200000 -1,000000 -101,000000 0,000000 0,000000
28 1684169624 9,200000 -1,000000 -101,000000 0,000000 0,000000
28 1684169625 9,200000 -1,000000 -101,000000 0,000000 0,000000
28 1684169626 9,200000 -1,000000 -101,000000 0,000000 0,000000
28 1684169627 6,200000 -1,000000 -101,000000 0,000000 0,000000
28 1684169628 6,200000 -1,000000 -101,000000 0,000000 0,000000
28 1684169629 6,200000 -1,000000 -101,000000 0,000000 0,000000
28 1684169630 6,200000 -1,000000 -101,000000 0,000000 0,000000
28 1684169631 6,200000 -1,000000 -101,000000 0,000000 0,000000
28 1684169632 3,000000 -1,000000 -101,000000 0,000000 0,000000
28 1684169633 3,000000 -1,000000 -101,000000 0,000000 0,000000
28 1684169634 3,000000 -1,000000 -101,000000 0,000000 0,000000
28 1684169635 3,000000 -1,000000 -101,000000 0,000000 0,000000
28 1684169636 3,000000 -1,000000 -101,000000 0,000000 0,000000
28 1684169637 7,400000 -1,000000 -101,000000 0,000000 0,000000
28 1684169638 7,400000 -1,000000 -101,000000 0,000000 0,000000
28 1684169639 7,400000 -1,000000 -101,000000 0,000000 0,000000
28 1684169640 7,400000 -1,000000 -101,000000 0,000000 0,000000
28 1684169641 7,400000 -1,000000 -101,000000 0,000000 0,000000
28 1684169642 0,800000 -1,000000 -101,000000 0,000000 0,000000
28 1684169643 0,800000 -1,000000 -101,000000 0,000000 0,000000
28 1684169644 0,800000 -1,000000 -101,000000 0,000000 0,000000
28 1684169645 0,800000 -1,000000 -101,000000 0,000000 0,000000
28 1684169646 0,800000 -1,000000 -101,000000 0,000000 0,000000
28 1684169647 0,400000 -1,000000 -101,000000 0,000000 0,000000
28 1684169648 0,400000 -1,000000 -101,000000 0,000000 0,000000
28 1684169649 0,400000 -1,000000 -101,000000 0,000000 0,000000
28 1684169650 0,400000 -1,000000 -101,000000 0,000000 0,000000
28 1684169651 0,400000 -1,000000 -101,000000 0,000000 0,000000
28 1684169652 5,000000 -1,000000 -101,000000 0,000000 0,000000
28 1684169653 5,000000 -1,000000 -101,000000 0,000000 0,000000
28 1684169654 5,000000 -1,000000 -101,000000 0,000000 0,000000
28 1684169655 5,000000 -1,000000 -101,000000 0,000000 0,000000
28 1684169656 5,000000 -1,000000 -101,000000 0,000000 0,000000
28 1684169657 2,600000 -1,000000 -101,000000 0,000000 0,000000
28 1684169658 2,600000 -1,000000 -101,000000 0,000000 0,000000
28 1684169659 2,600000 -1,000000 -101,000000 0,000000 0,000000
28 1684169660 2,600000 -1,000000 -101,000000 0,000000 0,000000
28 1684169661 2,600000 -1,000000 -101,000000 0,000000 0,000000
28 1684169662 1,800000 -1,000000 -101,000000 0,000000 0,000000
28 1684169663 1,800000 -1,000000 -101,000000 0,000000 0,000000
28 1684169664 1,800000 -1,000000 -101,000000 0,000000 0,000000
28 1684169665 1,800000 -1,000000 -101,000000 0,000000 0,000000
28 1684169666 1,800000 -1,000000 -101,000000 0,000000 0,000000
28 1684169667 1,600000 -1,000000 -101,000000 0,000000 0,000000
28 1684169668 1,600000 -1,000000 -101,000000 0,000000 0,000000
28 1684169669 1,600000 -1,000000 -101,000000 0,000000 0,000000
28 1684169670 1,600000 -1,000000 -101,000000 0,000000 0,000000
28 1684169671 1,600000 -1,000000 -101,000000 0,000000 0,000000
28 1684169672 4,600000 -1,000000 -101,000000 0,000000 0,000000
28 1684169673 4,600000 -1,000000 -101,000000 0,000000 0,000000
28 1684169674 4,600000 -1,000000 -101,000000 0,000000 0,000000
28 1684169675 4,600000 -1,000000 -101,000000 0,000000 0,000000
28 1684169676 4,600000 -1,000000 -101,000000 0,000000 0,000000
28 1684169677 5,400000 -1,000000 -101,000000 0,000000 0,000000
28 1684169678 5,400000 -1,000000 -101,000000 0,000000 0,000000
28 1684169679 5,400000 -1,000000 -101,000000 0,000000 0,000000
28 1684169680 5,400000 -1,000000 -101,000000 0,000000 0,000000
28 1684169681 5,400000 -1,000000 -101,000000 0,000000 0,000000
28 1684169682 0,400000 -1,000000 -101,000000 0,000000 0,000000
28 1684169683 0,400000 -1,000000 -101,000000 0,000000 0,000000
28 1684169684 0,400000 -1,000000 -101,000000 0,000000 0,000000
28 1684169685 0,400000 -1,000000 -101,000000 0,000000 0,000000
28 1684169686 0,400000 -1,000000 -101,000000 0,000000 0,000000
28 1684169687 3,600000 -1,000000 -101,000000 0,000000 0,000000
28 1684169688 3,600000 -1,000000 -101,000000 0,000000 0,000000
28 1684169689 3,600000 -1,000000 -101,000000 0,000000 0,000000
28 1684169690 3,600000 -1,000000 -101,000000 0,000000 0,000000
28 1684169691 3,600000 -1,000000 -101,000000 0,000000 0,000000
28 1684169692 6,200000 -1,000000 -101,000000 0,000000 0,000000
28 1684169693 6,200000 -1,000000 -101,000000 0,000000 0,000000
28 1684169694 6,200000 -1,000000 -101,000000 0,000000 0,000000
28 1684169695 6,200000 -1,000000 -101,000000 0,000000 0,000000
28 1684169696 6,200000 -1,000000 -101,000000 0,000000 0,000000
28 1684169697 5,200000 -1,000000 -101,000000 0,000000 0,000000
28 1684169698 5,200000 -1,000000 -101,000000 0,000000 0,000000
28 1684169699 5,200000 -1,000000 -101,000000 0,000000 0,000000
28 1684169700 5,200000 -1,000000 -101,000000 0,000000 0,000000
28 1684169701 5,200000 -1,000000 -101,000000 0,000000 0,000000
28 1684169702 1,600000 -1,000000 -101,000000 0,000000 0,000000
28 1684169703 1,600000 -1,000000 -101,000000 0,000000 0,000000
28 1684169704 1,600000 -1,000000 -101,000000 0,000000 0,000000
28 1684169705 1,600000 -1,000000 -101,000000 0,000000 0,000000
28 1684169706 1,600000 -1,000000 -101,000000 0,000000 0,000000
28 1684169707 2,600000 -1,000000 -101,000000 0,000000 0,000000
28 1684169708 2,600000 -1,000000 -101,000000 0,000000 0,000000
28 1684169709 2,600000 -1,000000 -101,000000 0,000000 0,000000
28 1684169710 2,600000 -1,000000 -101,000000 0,000000 0,000000
28 1684169711 2,600000 -1,000000 -101,000000 0,000000 0,000000
28 1684169712 8,000000 -1,000000 -101,000000 0,000000 0,000000
28 1684169713 8,000000 -1,000000 -101,000000 0,000000 0,000000
28 1684169714 8,000000 -1,000000 -101,000000 0,000000 0,000000
28 1684169715 8,000000 -1,000000 -101,000000 0,000000 0,000000
28 1684169716 8,000000 -1,000000 -101,000000 0,000000 0,000000
28 1684169717 2,200000 -1,000000 -101,000000 0,000000 0,000000
28 1684169718 2,200000 -1,000000 -101,000000 0,000000 0,000000
28 1684169719 2,200000 -1,000000 -101,000000 0,000000 0,000000
28 1684169720 2,200000 -1,000000 -101,000000 0,000000 0,000000
28 1684169721 2,200000 -1,000000 -101,000000 0,000000 0,000000
28 1684169722 1,800000 -1,000000 -101,000000 0,000000 0,000000
28 1684169723 1,800000 -1,000000 -101,000000 0,000000 0,000000
28 1684169724 1,800000 -1,000000 -101,000000 0,000000 0,000000
28 1684169725 1,800000 -1,000000 -101,000000 0,000000 0,000000
28 1684169726 1,800000 -1,000000 -101,000000 0,000000 0,000000
28 1684169727 4,000000 -1,000000 -101,000000 0,000000 0,000000
28 1684169728 4,000000 -1,000000 -101,000000 0,000000 0,000000
28 1684169729 4,000000 -1,000000 -101,000000 0,000000 0,000000
28 1684169730 4,000000 -1,000000 -101,000000 0,000000 0,000000
28 1684169731 4,000000 -1,000000 -101,000000 0,000000 0,000000
28 1684169732 1,600000 -1,000000 -101,000000 0,000000 0,000000
28 1684169733 1,600000 -1,000000 -101,000000 0,000000 0,000000
28 1684169734 1,600000 -1,000000 -101,000000 0,000000 0,000000
28 1684169735 1,600000 -1,000000 -101,000000 0,000000 0,000000
28 1684169736 1,600000 -1,000000 -101,000000 0,000000 0,000000
28 1684169737 2,600000 -1,000000 -101,000000 0,000000 0,000000
28 1684169738 2,600000 -1,000000 -101,000000 0,000000 0,000000
28 1684169739 2,600000 -1,000000 -101,000000 0,000000 0,000000
28 1684169740 2,600000 -1,000000 -101,000000 0,000000 0,000000
28 1684169741 2,600000 -1,000000 -101,000000 0,000000 0,000000
28 1684169742 0,200000 -1,000000 -101,000000 0,000000 0,000000
28 1684169743 0,200000 -1,000000 -101,000000 0,000000 0,000000
28 1684169744 0,200000 -1,000000 -101,000000 0,000000 0,000000
28 1684169745 0,200000 -1,000000 -101,000000 0,000000 0,000000
28 1684169746 0,200000 -1,000000 -101,000000 0,000000 0,000000
28 1684169747 3,400000 -1,000000 -101,000000 0,000000 0,000000
28 1684169748 3,400000 -1,000000 -101,000000 0,000000 0,000000
28 1684169749 3,400000 -1,000000 -101,000000 0,000000 0,000000
28 1684169750 3,400000 -1,000000 -101,000000 0,000000 0,000000
28 1684169751 3,400000 -1,000000 -101,000000 0,000000 0,000000
28 1684169752 4,800000 -1,000000 -101,000000 0,000000 0,000000
28 1684169753 4,800000 -1,000000 -101,000000 0,000000 0,000000
28 1684169754 4,800000 -1,000000 -101,000000 0,000000 0,000000
28 1684169755 4,800000 -1,000000 -101,000000 0,000000 0,000000
28 1684169756 4,800000 -1,000000 -101,000000 0,000000 0,000000
28 1684169757 0,400000 -1,000000 -101,000000 0,000000 0,000000
28 1684169758 0,400000 -1,000000 -101,000000 0,000000 0,000000
28 1684169759 0,400000 -1,000000 -101,000000 0,000000 0,000000
28 1684169760 0,400000 -1,000000 -101,000000 0,000000 0,000000
28 1684169761 0,400000 -1,000000 -101,000000 0,000000 0,000000
28 1684169762 3,600000 -1,000000 -101,000000 0,000000 0,000000
28 1684169763 3,600000 -1,000000 -101,000000 0,000000 0,000000
28 1684169764 3,600000 -1,000000 -101,000000 0,000000 0,000000
28 1684169765 3,600000 -1,000000 -101,000000 0,000000 0,000000
28 1684169766 3,600000 -1,000000 -101,000000 0,000000 0,000000
28 1684169767 3,000000 -1,000000 -101,000000 0,000000 0,000000
28 1684169768 3,000000 -1,000000 -101,000000 0,000000 0,000000
28 1684169769 3,000000 -1,000000 -101,000000 0,000000 0,000000
28 1684169770 3,000000 -1,000000 -101,000000 0,000000 0,000000
28 1684169771 3,000000 -1,000000 -101,000000 0,000000 0,000000
28 1684169772 3,000000 -1,000000 -101,000000 0,000000 0,000000
28 1684169773 3,000000 -1,000000 -101,000000 0,000000 0,000000
28 1684169774 3,000000 -1,000000 -101,000000 0,000000 0,000000
28 1684169775 3,000000 -1,000000 -101,000000 0,000000 0,000000
28 1684169776 3,000000 -1,000000 -101,000000 0,000000 0,000000
28 1684169777 3,600000 -1,000000 -101,000000 0,000000 0,000000
28 1684169778 3,600000 -1,000000 -101,000000 0,000000 0,000000
28 1684169779 3,600000 -1,000000 -101,000000 0,000000 0,000000
28 1684169780 3,600000 -1,000000 -101,000000 0,000000 0,000000
28 1684169781 3,600000 -1,000000 -101,000000 0,000000 0,000000
28 1684169782 2,600000 -1,000000 -101,000000 0,000000 0,000000
28 1684169783 2,600000 -1,000000 -101,000000 0,000000 0,000000
28 1684169784 2,600000 -1,000000 -101,000000 0,000000 0,000000
28 1684169785 2,600000 -1,000000 -101,000000 0,000000 0,000000
28 1684169786 2,600000 -1,000000 -101,000000 0,000000 0,000000
28 1684169787 1,400000 -1,000000 -101,000000 0,000000 0,000000
28 1684169788 1,400000 -1,000000 -101,000000 0,000000 0,000000
28 1684169789 1,400000 -1,000000 -101,000000 0,000000 0,000000
28 1684169790 1,400000 -1,000000 -101,000000 0,000000 0,000000
28 1684169791 1,400000 -1,000000 -101,000000 0,000000 0,000000
28 1684169792 0,800000 -1,000000 -101,000000 0,000000 0,000000
28 1684169793 0,800000 -1,000000 -101,000000 0,000000 0,000000
28 1684169794 0,800000 -1,000000 -101,000000 0,000000 0,000000
28 1684169795 0,800000 -1,000000 -101,000000 0,000000 0,000000
28 1684169796 0,800000 -1,000000 -101,000000 0,000000 0,000000
28 1684169797 0,600000 -1,000000 -101,000000 0,000000 0,000000
28 1684169798 0,600000 -1,000000 -101,000000 0,000000 0,000000
28 1684169799 0,600000 -1,000000 -101,000000 0,000000 0,000000
28 1684169800 0,600000 -1,000000 -101,000000 0,000000 0,000000
28 1684169801 0,600000 -1,000000 -101,000000 0,000000 0,000000
28 1684169867 9,000000 -1,000000 9,000000 9,000000 0,000000
28 1684169866 1,600000 -1,000000 1,600000 1,600000 0,000000
28 1684169865 1,600000 -1,000000 1,600000 1,600000 0,000000
28 1684169864 1,600000 -1,000000 1,600000 1,600000 0,000000
28 1684169863 1,600000 -1,000000 1,600000 1,600000 0,000000
28 1684169862 1,600000 -1,000000 1,600000 1,600000 0,000000
28 1684169856 1,800000 -1,000000 1,800000 1,800000 0,000000
28 1684169855 1,800000 -1,000000 1,800000 1,800000 0,000000
28 1684169854 1,800000 -1,000000 1,800000 1,800000 0,000000
28 1684169853 1,800000 -1,000000 1,800000 1,800000 0,000000
28 1684169852 1,800000 -1,000000 1,800000 1,800000 0,000000
28 1684169851 1,600000 -1,000000 1,600000 1,600000 0,000000
28 1684169850 1,600000 -1,000000 1,600000 1,600000 0,000000
28 1684169849 1,600000 -1,000000 1,600000 1,600000 0,000000
28 1684169848 1,600000 -1,000000 1,600000 1,600000 0,000000
28 1684169847 1,600000 -1,000000 1,600000 1,600000 0,000000
28 1684169841 1,600000 -1,000000 1,600000 1,600000 0,000000
28 1684169840 1,600000 -1,000000 1,600000 1,600000 0,000000
28 1684169839 1,600000 -1,000000 1,600000 1,600000 0,000000
28 1684169838 1,600000 -1,000000 1,600000 1,600000 0,000000
28 1684169837 1,600000 -1,000000 1,600000 1,600000 0,000000
28 1684169836 1,200000 -1,000000 1,200000 1,200000 0,000000
28 1684169835 1,200000 -1,000000 1,200000 1,200000 0,000000
28 1684169834 1,200000 -1,000000 1,200000 1,200000 0,000000
28 1684169833 1,200000 -1,000000 1,200000 1,200000 0,000000
28 1684169832 1,200000 -1,000000 1,200000 1,200000 0,000000
28 1684169831 3,000000 -1,000000 3,000000 3,000000 0,000000
28 1684169830 3,000000 -1,000000 3,000000 3,000000 0,000000
28 1684169829 3,000000 -1,000000 3,000000 3,000000 0,000000
28 1684169828 3,000000 -1,000000 3,000000 3,000000 0,000000
28 1684169827 3,000000 -1,000000 3,000000 3,000000 0,000000
28 1684169826 2,800000 -1,000000 2,800000 2,800000 0,000000
28 1684169825 2,800000 -1,000000 2,800000 2,800000 0,000000
28 1684169824 2,800000 -1,000000 2,800000 2,800000 0,000000
28 1684169823 2,800000 -1,000000 2,800000 2,800000 0,000000
28 1684169822 2,800000 -1,000000 2,800000 2,800000 0,000000
28 1684169821 1,400000 -1,000000 1,400000 1,400000 0,000000
28 1684169820 1,400000 -1,000000 1,400000 1,400000 0,000000
28 1684169819 1,400000 -1,000000 1,400000 1,400000 0,000000
28 1684169818 1,400000 -1,000000 1,400000 1,400000 0,000000
28 1684169817 1,400000 -1,000000 1,400000 1,400000 0,000000
28 1684169816 1,600000 -1,000000 1,600000 1,600000 0,000000
28 1684169815 1,600000 -1,000000 1,600000 1,600000 0,000000
28 1684169814 1,600000 -1,000000 1,600000 1,600000 0,000000
28 1684169813 1,600000 -1,000000 1,600000 1,600000 0,000000
28 1684169812 1,600000 -1,000000 1,600000 1,600000 0,000000
