11 1684168402 0,800000 -1,000000 -101,000000 0,000000 0,000000
11 1684168403 0,800000 -1,000000 -101,000000 0,000000 0,000000
11 1684168404 0,800000 -1,000000 -101,000000 0,000000 0,000000
11 1684168405 0,800000 -1,000000 -101,000000 0,000000 0,000000
11 1684168406 0,800000 -1,000000 -101,000000 0,000000 0,000000
11 1684168407 1,800000 -1,000000 -101,000000 0,000000 0,000000
11 1684168408 1,800000 -1,000000 -101,000000 0,000000 0,000000
11 1684168409 1,800000 -1,000000 -101,000000 0,000000 0,000000
11 1684168410 1,800000 -1,000000 -101,000000 0,000000 0,000000
11 1684168411 1,800000 -1,000000 -101,000000 0,000000 0,000000
11 1684168412 2,200000 -1,000000 -101,000000 0,000000 0,000000
11 1684168413 2,200000 -1,000000 -101,000000 0,000000 0,000000
11 1684168414 2,200000 -1,000000 -101,000000 0,000000 0,000000
11 1684168415 2,200000 -1,000000 -101,000000 0,000000 0,000000
11 1684168416 2,200000 -1,000000 -101,000000 0,000000 0,000000
11 1684168417 2,400000 -1,000000 -101,000000 0,000000 0,000000
11 1684168418 2,400000 -1,000000 -101,000000 0,000000 0,000000
11 1684168419 2,400000 -1,000000 -101,000000 0,000000 0,000000
11 1684168420 2,400000 -1,000000 -101,000000 0,000000 0,000000
11 1684168421 2,400000 -1,000000 -101,000000 0,000000 0,000000
11 1684168422 2,000000 -1,000000 -101,000000 0,000000 0,000000
11 1684168423 2,000000 -1,000000 -101,000000 0,000000 0,000000
11 1684168424 2,000000 -1,000000 -101,000000 0,000000 0,000000
11 1684168425 2,000000 -1,000000 -101,000000 0,000000 0,000000
11 1684168426 2,000000 -1,000000 -101,000000 0,000000 0,000000
11 1684168427 3,400000 -1,000000 -101,000000 0,000000 0,000000
11 1684168428 3,400000 -1,000000 -101,000000 0,000000 0,000000
11 1684168429 3,400000 -1,000000 -101,000000 0,000000 0,000000
11 1684168430 3,400000 -1,000000 -101,000000 0,000000 0,000000
11 1684168431 3,400000 -1,000000 -101,000000 0,000000 0,000000
11 1684168432 1,800000 -1,000000 -101,000000 0,000000 0,000000
11 1684168433 1,800000 -1,000000 -101,000000 0,000000 0,000000
11 1684168434 1,800000 -1,000000 -101,000000 0,000000 0,000000
11 1684168435 1,800000 -1,000000 -101,000000 0,000000 0,000000
11 1684168436 1,800000 -1,000000 -101,000000 0,000000 0,000000
11 1684168437 1,400000 -1,000000 -101,000000 0,000000 0,000000
11 1684168438 1,400000 -1,000000 -101,000000 0,000000 0,000000
11 1684168439 1,400000 -1,000000 -101,000000 0,000000 0,000000
11 1684168440 1,400000 -1,000000 -101,000000 0,000000 0,000000
11 1684168441 1,400000 -1,000000 -101,000000 0,000000 0,000000
11 1684168442 0,800000 -1,000000 -101,000000 0,000000 0,000000
11 1684168443 0,800000 -1,000000 -101,000000 0,000000 0,000000
11 1684168444 0,800000 -1,000000 -101,000000 0,000000 0,000000
11 1684168445 0,800000 -1,000000 -101,000000 0,000000 0,000000
11 1684168446 0,800000 -1,000000 -101,000000 0,000000 0,000000
11 1684168447 0,600000 -1,000000 -101,000000 0,000000 0,000000
11 1684168448 0,600000 -1,000000 -101,000000 0,000000 0,000000
11 1684168449 0,600000 -1,000000 -101,000000 0,000000 0,000000
11 1684168450 0,600000 -1,000000 -101,000000 0,000000 0,000000
11 1684168451 0,600000 -1,000000 -101,000000 0,000000 0,000000
11 1684168452 0,400000 -1,000000 -101,000000 0,000000 0,000000
11 1684168453 0,400000 -1,000000 -101,000000 0,000000 0,000000
11 1684168454 0,400000 -1,000000 -101,000000 0,000000 0,000000
11 1684168455 0,400000 -1,000000 -101,000000 0,000000 0,000000
11 1684168456 0,400000 -1,000000 -101,000000 0,000000 0,000000
11 1684168457 0,800000 -1,000000 -101,000000 0,000000 0,000000
11 1684168458 0,800000 -1,000000 -101,000000 0,000000 0,000000
11 1684168459 0,800000 -1,000000 -101,000000 0,000000 0,000000
11 1684168460 0,800000 -1,000000 -101,000000 0,000000 0,000000
11 1684168461 0,800000 -1,000000 -101,000000 0,000000 0,000000
11 1684168462 1,000000 -1,000000 -101,000000 0,000000 0,000000
11 1684168463 1,000000 -1,000000 -101,000000 0,000000 0,000000
11 1684168464 1,000000 -1,000000 -101,000000 0,000000 0,000000
11 1684168465 1,000000 -1,000000 -101,000000 0,000000 0,000000
11 1684168466 1,000000 -1,000000 -101,000000 0,000000 0,000000
11 1684168467 1,600000 -1,000000 -101,000000 0,000000 0,000000
11 1684168468 1,600000 -1,000000 -101,000000 0,000000 0,000000
11 1684168469 1,600000 -1,000000 -101,000000 0,000000 0,000000
11 1684168470 1,600000 -1,000000 -101,000000 0,000000 0,000000
11 1684168471 1,600000 -1,000000 -101,000000 0,000000 0,000000
11 1684168472 0,400000 -1,000000 -101,000000 0,000000 0,000000
11 1684168473 0,400000 -1,000000 -101,000000 0,000000 0,000000
11 1684168474 0,400000 -1,000000 -101,000000 0,000000 0,000000
11 1684168475 0,400000 -1,000000 -101,000000 0,000000 0,000000
11 1684168476 0,400000 -1,000000 -101,000000 0,000000 0,000000
11 1684168477 1,000000 -1,000000 -101,000000 0,000000 0,000000
11 1684168478 1,000000 -1,000000 -101,000000 0,000000 0,000000
11 1684168479 1,000000 -1,000000 -101,000000 0,000000 0,000000
11 1684168480 1,000000 -1,000000 -101,000000 0,000000 0,000000
11 1684168481 1,000000 -1,000000 -101,000000 0,000000 0,000000
11 1684168482 1,000000 -1,000000 -101,000000 0,000000 0,000000
11 1684168483 1,000000 -1,000000 -101,000000 0,000000 0,000000
11 1684168484 1,000000 -1,000000 -101,000000 0,000000 0,000000
11 1684168485 1,000000 -1,000000 -101,000000 0,000000 0,000000
11 1684168486 1,000000 -1,000000 -101,000000 0,000000 0,000000
11 1684168487 0,400000 -1,000000 -101,000000 0,000000 0,000000
11 1684168488 0,400000 -1,000000 -101,000000 0,000000 0,000000
11 1684168489 0,400000 -1,000000 -101,000000 0,000000 0,000000
11 1684168490 0,400000 -1,000000 -101,000000 0,000000 0,000000
11 1684168491 0,400000 -1,000000 -101,000000 0,000000 0,000000
11 1684168492 0,600000 -1,000000 -101,000000 0,000000 0,000000
11 1684168493 0,600000 -1,000000 -101,000000 0,000000 0,000000
11 1684168494 0,600000 -1,000000 -101,000000 0,000000 0,000000
11 1684168495 0,600000 -1,000000 -101,000000 0,000000 0,000000
11 1684168496 0,600000 -1,000000 -101,000000 0,000000 0,000000
11 1684168497 1,000000 -1,000000 -101,000000 0,000000 0,000000
11 1684168498 1,000000 -1,000000 -101,000000 0,000000 0,000000
11 1684168499 1,000000 -1,000000 -101,000000 0,000000 0,000000
11 1684168500 1,000000 -1,000000 -101,000000 0,000000 0,000000
11 1684168501 1,000000 -1,000000 -101,000000 0,000000 0,000000
11 1684168502 1,600000 -1,000000 -101,000000 0,000000 0,000000
11 1684168503 1,600000 -1,000000 -101,000000 0,000000 0,000000
11 1684168504 1,600000 -1,000000 -101,000000 0,000000 0,000000
11 1684168505 1,600000 -1,000000 -101,000000 0,000000 0,000000
11 1684168506 1,600000 -1,000000 -101,000000 0,000000 0,000000
11 1684168507 1,400000 -1,000000 -101,000000 0,000000 0,000000
11 1684168508 1,400000 -1,000000 -101,000000 0,000000 0,000000
11 1684168509 1,400000 -1,000000 -101,000000 0,000000 0,000000
11 1684168510 1,400000 -1,000000 -101,000000 0,000000 0,000000
11 1684168511 1,400000 -1,000000 -101,000000 0,000000 0,000000
11 1684168512 0,800000 -1,000000 -101,000000 0,000000 0,000000
11 1684168513 0,800000 -1,000000 -101,000000 0,000000 0,000000
11 1684168514 0,800000 -1,000000 -101,000000 0,000000 0,000000
11 1684168515 0,800000 -1,000000 -101,000000 0,000000 0,000000
11 1684168516 0,800000 -1,000000 -101,000000 0,000000 0,000000
11 1684168517 1,400000 -1,000000 -101,000000 0,000000 0,000000
11 1684168518 1,400000 -1,000000 -101,000000 0,000000 0,000000
11 1684168519 1,400000 -1,000000 -101,000000 0,000000 0,000000
11 1684168520 1,400000 -1,000000 -101,000000 0,000000 0,000000
11 1684168521 1,400000 -1,000000 -101,000000 0,000000 0,000000
11 1684168522 2,000000 -1,000000 -101,000000 0,000000 0,000000
11 1684168523 2,000000 -1,000000 -101,000000 0,000000 0,000000
11 1684168524 2,000000 -1,000000 -101,000000 0,000000 0,000000
11 1684168525 2,000000 -1,000000 -101,000000 0,000000 0,000000
11 1684168526 2,000000 -1,000000 -101,000000 0,000000 0,000000
11 1684168527 1,000000 -1,000000 -101,000000 0,000000 0,000000
11 1684168528 1,000000 -1,000000 -101,000000 0,000000 0,000000
11 1684168529 1,000000 -1,000000 -101,000000 0,000000 0,000000
11 1684168530 1,000000 -1,000000 -101,000000 0,000000 0,000000
11 1684168531 1,000000 -1,000000 -101,000000 0,000000 0,000000
11 1684168532 0,600000 -1,000000 -101,000000 0,000000 0,000000
11 1684168533 0,600000 -1,000000 -101,000000 0,000000 0,000000
11 1684168534 0,600000 -1,000000 -101,000000 0,000000 0,000000
11 1684168535 0,600000 -1,000000 -101,000000 0,000000 0,000000
11 1684168536 0,600000 -1,000000 -101,000000 0,000000 0,000000
11 1684168537 0,800000 -1,000000 -101,000000 0,000000 0,000000
11 1684168538 0,800000 -1,000000 -101,000000 0,000000 0,000000
11 1684168539 0,800000 -1,000000 -101,000000 0,000000 0,000000
11 1684168540 0,800000 -1,000000 -101,000000 0,000000 0,000000
11 1684168541 0,800000 -1,000000 -101,000000 0,000000 0,000000
11 1684168542 1,400000 -1,000000 -101,000000 0,000000 0,000000
11 1684168543 1,400000 -1,000000 -101,000000 0,000000 0,000000
11 1684168544 1,400000 -1,000000 -101,000000 0,000000 0,000000
11 1684168545 1,400000 -1,000000 -101,000000 0,000000 0,000000
11 1684168546 1,400000 -1,000000 -101,000000 0,000000 0,000000
11 1684168547 0,200000 -1,000000 -101,000000 0,000000 0,000000
11 1684168548 0,200000 -1,000000 -101,000000 0,000000 0,000000
11 1684168549 0,200000 -1,000000 -101,000000 0,000000 0,000000
11 1684168550 0,200000 -1,000000 -101,000000 0,000000 0,000000
11 1684168551 0,200000 -1,000000 -101,000000 0,000000 0,000000
11 1684168552 0,200000 -1,000000 -101,000000 0,000000 0,000000
11 1684168553 0,200000 -1,000000 -101,000000 0,000000 0,000000
11 1684168554 0,200000 -1,000000 -101,000000 0,000000 0,000000
11 1684168555 0,200000 -1,000000 -101,000000 0,000000 0,000000
11 1684168556 0,200000 -1,000000 -101,000000 0,000000 0,000000
11 1684168557 1,200000 -1,000000 -101,000000 0,000000 0,000000
11 1684168558 1,200000 -1,000000 -101,000000 0,000000 0,000000
11 1684168559 1,200000 -1,000000 -101,000000 0,000000 0,000000
11 1684168560 1,200000 -1,000000 -101,000000 0,000000 0,000000
11 1684168561 1,200000 -1,000000 -101,000000 0,000000 0,000000
11 1684168562 0,800000 -1,000000 -101,000000 0,000000 0,000000
11 1684168563 0,800000 -1,000000 -101,000000 0,000000 0,000000
11 1684168564 0,800000 -1,000000 -101,000000 0,000000 0,000000
11 1684168565 0,800000 -1,000000 -101,000000 0,000000 0,000000
11 1684168566 0,800000 -1,000000 -101,000000 0,000000 0,000000
11 1684168567 0,600000 -1,000000 -101,000000 0,000000 0,000000
11 1684168568 0,600000 -1,000000 -101,000000 0,000000 0,000000
11 1684168569 0,600000 -1,000000 -101,000000 0,000000 0,000000
11 1684168570 0,600000 -1,000000 -101,000000 0,000000 0,000000
11 1684168571 0,600000 -1,000000 -101,000000 0,000000 0,000000
11 1684168572 0,800000 -1,000000 -101,000000 0,000000 0,000000
11 1684168573 0,800000 -1,000000 -101,000000 0,000000 0,000000
11 1684168574 0,800000 -1,000000 -101,000000 0,000000 0,000000
11 1684168575 0,800000 -1,000000 -101,000000 0,000000 0,000000
11 1684168576 0,800000 -1,000000 -101,000000 0,000000 0,000000
11 1684168577 2,000000 -1,000000 -101,000000 0,000000 0,000000
11 1684168578 2,000000 -1,000000 -101,000000 0,000000 0,000000
11 1684168579 2,000000 -1,000000 -101,000000 0,000000 0,000000
11 1684168580 2,000000 -1,000000 -101,000000 0,000000 0,000000
11 1684168581 2,000000 -1,000000 -101,000000 0,000000 0,000000
11 1684168582 1,200000 -1,000000 -101,000000 0,000000 0,000000
11 1684168583 1,200000 -1,000000 -101,000000 0,000000 0,000000
11 1684168584 1,200000 -1,000000 -101,000000 0,000000 0,000000
11 1684168585 1,200000 -1,000000 -101,000000 0,000000 0,000000
11 1684168586 1,200000 -1,000000 -101,000000 0,000000 0,000000
11 1684168587 0,600000 -1,000000 -101,000000 0,000000 0,000000
11 1684168588 0,600000 -1,000000 -101,000000 0,000000 0,000000
11 1684168589 0,600000 -1,000000 -101,000000 0,000000 0,000000
11 1684168590 0,600000 -1,000000 -101,000000 0,000000 0,000000
11 1684168591 0,600000 -1,000000 -101,000000 0,000000 0,000000
11 1684168592 0,600000 -1,000000 -101,000000 0,000000 0,000000
11 1684168593 0,600000 -1,000000 -101,000000 0,000000 0,000000
11 1684168594 0,600000 -1,000000 -101,000000 0,000000 0,000000
11 1684168595 0,600000 -1,000000 -101,000000 0,000000 0,000000
11 1684168596 0,600000 -1,000000 -101,000000 0,000000 0,000000
11 1684168597 1,400000 -1,000000 -101,000000 0,000000 0,000000
11 1684168598 1,400000 -1,000000 -101,000000 0,000000 0,000000
11 1684168599 1,400000 -1,000000 -101,000000 0,000000 0,000000
11 1684168600 1,400000 -1,000000 -101,000000 0,000000 0,000000
11 1684168601 1,400000 -1,000000 -101,000000 0,000000 0,000000
11 1684168602 1,400000 -1,000000 -101,000000 0,000000 0,000000
11 1684168603 1,400000 -1,000000 -101,000000 0,000000 0,000000
11 1684168604 1,400000 -1,000000 -101,000000 0,000000 0,000000
11 1684168605 1,400000 -1,000000 -101,000000 0,000000 0,000000
11 1684168606 1,400000 -1,000000 -101,000000 0,000000 0,000000
11 1684168607 1,400000 -1,000000 -101,000000 0,000000 0,000000
11 1684168608 1,400000 -1,000000 -101,000000 0,000000 0,000000
11 1684168609 1,400000 -1,000000 -101,000000 0,000000 0,000000
11 1684168610 1,400000 -1,000000 -101,000000 0,000000 0,000000
11 1684168611 1,400000 -1,000000 -101,000000 0,000000 0,000000
11 1684168612 1,000000 -1,000000 -101,000000 0,000000 0,000000
11 1684168613 1,000000 -1,000000 -101,000000 0,000000 0,000000
11 1684168614 1,000000 -1,000000 -101,000000 0,000000 0,000000
11 1684168615 1,000000 -1,000000 -101,000000 0,000000 0,000000
11 1684168616 1,000000 -1,000000 -101,000000 0,000000 0,000000
11 1684168617 1,800000 -1,000000 -101,000000 0,000000 0,000000
11 1684168618 1,800000 -1,000000 -101,000000 0,000000 0,000000
11 1684168619 1,800000 -1,000000 -101,000000 0,000000 0,000000
11 1684168620 1,800000 -1,000000 -101,000000 0,000000 0,000000
11 1684168621 1,800000 -1,000000 -101,000000 0,000000 0,000000
11 1684168622 1,400000 -1,000000 -101,000000 0,000000 0,000000
11 1684168623 1,400000 -1,000000 -101,000000 0,000000 0,000000
11 1684168624 1,400000 -1,000000 -101,000000 0,000000 0,000000
11 1684168625 1,400000 -1,000000 -101,000000 0,000000 0,000000
11 1684168626 1,400000 -1,000000 -101,000000 0,000000 0,000000
11 1684168627 1,600000 -1,000000 -101,000000 0,000000 0,000000
11 1684168628 1,600000 -1,000000 -101,000000 0,000000 0,000000
11 1684168629 1,600000 -1,000000 -101,000000 0,000000 0,000000
11 1684168630 1,600000 -1,000000 -101,000000 0,000000 0,000000
11 1684168631 1,600000 -1,000000 -101,000000 0,000000 0,000000
11 1684168632 0,600000 -1,000000 -101,000000 0,000000 0,000000
11 1684168633 0,600000 -1,000000 -101,000000 0,000000 0,000000
11 1684168634 0,600000 -1,000000 -101,000000 0,000000 0,000000
11 1684168635 0,600000 -1,000000 -101,000000 0,000000 0,000000
11 1684168636 0,600000 -1,000000 -101,000000 0,000000 0,000000
11 1684168637 1,600000 -1,000000 -101,000000 0,000000 0,000000
11 1684168638 1,600000 -1,000000 -101,000000 0,000000 0,000000
11 1684168639 1,600000 -1,000000 -101,000000 0,000000 0,000000
11 1684168640 1,600000 -1,000000 -101,000000 0,000000 0,000000
11 1684168641 1,600000 -1,000000 -101,000000 0,000000 0,000000
11 1684168642 0,800000 -1,000000 -101,000000 0,000000 0,000000
11 1684168643 0,800000 -1,000000 -101,000000 0,000000 0,000000
11 1684168644 0,800000 -1,000000 -101,000000 0,000000 0,000000
11 1684168645 0,800000 -1,000000 -101,000000 0,000000 0,000000
11 1684168646 0,800000 -1,000000 -101,000000 0,000000 0,000000
11 1684168647 0,600000 -1,000000 -101,000000 0,000000 0,000000
11 1684168648 0,600000 -1,000000 -101,000000 0,000000 0,000000
11 1684168649 0,600000 -1,000000 -101,000000 0,000000 0,000000
11 1684168650 0,600000 -1,000000 -101,000000 0,000000 0,000000
11 1684168651 0,600000 -1,000000 -101,000000 0,000000 0,000000
11 1684168652 1,600000 -1,000000 -101,000000 0,000000 0,000000
11 1684168653 1,600000 -1,000000 -101,000000 0,000000 0,000000
11 1684168654 1,600000 -1,000000 -101,000000 0,000000 0,000000
11 1684168655 1,600000 -1,000000 -101,000000 0,000000 0,000000
11 1684168656 1,600000 -1,000000 -101,000000 0,000000 0,000000
11 1684168657 1,000000 -1,000000 -101,000000 0,000000 0,000000
11 1684168658 1,000000 -1,000000 -101,000000 0,000000 0,000000
11 1684168659 1,000000 -1,000000 -101,000000 0,000000 0,000000
11 1684168660 1,000000 -1,000000 -101,000000 0,000000 0,000000
11 1684168661 1,000000 -1,000000 -101,000000 0,000000 0,000000
11 1684168662 1,400000 -1,000000 -101,000000 0,000000 0,000000
11 1684168663 1,400000 -1,000000 -101,000000 0,000000 0,000000
11 1684168664 1,400000 -1,000000 -101,000000 0,000000 0,000000
11 1684168665 1,400000 -1,000000 -101,000000 0,000000 0,000000
11 1684168666 1,400000 -1,000000 -101,000000 0,000000 0,000000
11 1684168667 1,400000 -1,000000 -101,000000 0,000000 0,000000
11 1684168668 1,400000 -1,000000 -101,000000 0,000000 0,000000
11 1684168669 1,400000 -1,000000 -101,000000 0,000000 0,000000
11 1684168670 1,400000 -1,000000 -101,000000 0,000000 0,000000
11 1684168671 1,400000 -1,000000 -101,000000 0,000000 0,000000
11 1684168672 1,200000 -1,000000 -101,000000 0,000000 0,000000
11 1684168673 1,200000 -1,000000 -101,000000 0,000000 0,000000
11 1684168674 1,200000 -1,000000 -101,000000 0,000000 0,000000
11 1684168675 1,200000 -1,000000 -101,000000 0,000000 0,000000
11 1684168676 1,200000 -1,000000 -101,000000 0,000000 0,000000
11 1684168677 2,200000 -1,000000 -101,000000 0,000000 0,000000
11 1684168678 2,200000 -1,000000 -101,000000 0,000000 0,000000
11 1684168679 2,200000 -1,000000 -101,000000 0,000000 0,000000
11 1684168680 2,200000 -1,000000 -101,000000 0,000000 0,000000
11 1684168681 2,200000 -1,000000 -101,000000 0,000000 0,000000
11 1684168682 0,800000 -1,000000 -101,000000 0,000000 0,000000
11 1684168683 0,800000 -1,000000 -101,000000 0,000000 0,000000
11 1684168684 0,800000 -1,000000 -101,000000 0,000000 0,000000
11 1684168685 0,800000 -1,000000 -101,000000 0,000000 0,000000
11 1684168686 0,800000 -1,000000 -101,000000 0,000000 0,000000
11 1684168687 1,200000 -1,000000 -101,000000 0,000000 0,000000
11 1684168688 1,200000 -1,000000 -101,000000 0,000000 0,000000
11 1684168689 1,200000 -1,000000 -101,000000 0,000000 0,000000
11 1684168690 1,200000 -1,000000 -101,000000 0,000000 0,000000
11 1684168691 1,200000 -1,000000 -101,000000 0,000000 0,000000
11 1684168692 1,600000 -1,000000 -101,000000 0,000000 0,000000
11 1684168693 1,600000 -1,000000 -101,000000 0,000000 0,000000
11 1684168694 1,600000 -1,000000 -101,000000 0,000000 0,000000
11 1684168695 1,600000 -1,000000 -101,000000 0,000000 0,000000
11 1684168696 1,600000 -1,000000 -101,000000 0,000000 0,000000
11 1684168697 1,000000 -1,000000 -101,000000 0,000000 0,000000
11 1684168698 1,000000 -1,000000 -101,000000 0,000000 0,000000
11 1684168699 1,000000 -1,000000 -101,000000 0,000000 0,000000
11 1684168700 1,000000 -1,000000 -101,000000 0,000000 0,000000
11 1684168701 1,000000 -1,000000 -101,000000 0,000000 0,000000
11 1684168702 0,200000 -1,000000 -101,000000 0,000000 0,000000
11 1684168703 0,200000 -1,000000 -101,000000 0,000000 0,000000
11 1684168704 0,200000 -1,000000 -101,000000 0,000000 0,000000
11 1684168705 0,200000 -1,000000 -101,000000 0,000000 0,000000
11 1684168706 0,200000 -1,000000 -101,000000 0,000000 0,000000
11 1684168707 0,600000 -1,000000 -101,000000 0,000000 0,000000
11 1684168708 0,600000 -1,000000 -101,000000 0,000000 0,000000
11 1684168709 0,600000 -1,000000 -101,000000 0,000000 0,000000
11 1684168710 0,600000 -1,000000 -101,000000 0,000000 0,000000
11 1684168711 0,600000 -1,000000 -101,000000 0,000000 0,000000
11 1684168712 0,800000 -1,000000 -101,000000 0,000000 0,000000
11 1684168713 0,800000 -1,000000 -101,000000 0,000000 0,000000
11 1684168714 0,800000 -1,000000 -101,000000 0,000000 0,000000
11 1684168715 0,800000 -1,000000 -101,000000 0,000000 0,000000
11 1684168716 0,800000 -1,000000 -101,000000 0,000000 0,000000
11 1684168717 1,400000 -1,000000 -101,000000 0,000000 0,000000
11 1684168718 1,400000 -1,000000 -101,000000 0,000000 0,000000
11 1684168719 1,400000 -1,000000 -101,000000 0,000000 0,000000
11 1684168720 1,400000 -1,000000 -101,000000 0,000000 0,000000
11 1684168721 1,400000 -1,000000 -101,000000 0,000000 0,000000
11 1684168722 0,600000 -1,000000 -101,000000 0,000000 0,000000
11 1684168723 0,600000 -1,000000 -101,000000 0,000000 0,000000
11 1684168724 0,600000 -1,000000 -101,000000 0,000000 0,000000
11 1684168725 0,600000 -1,000000 -101,000000 0,000000 0,000000
11 1684168726 0,600000 -1,000000 -101,000000 0,000000 0,000000
11 1684168727 1,600000 -1,000000 -101,000000 0,000000 0,000000
11 1684168728 1,600000 -1,000000 -101,000000 0,000000 0,000000
11 1684168729 1,600000 -1,000000 -101,000000 0,000000 0,000000
11 1684168730 1,600000 -1,000000 -101,000000 0,000000 0,000000
11 1684168731 1,600000 -1,000000 -101,000000 0,000000 0,000000
11 1684168732 0,600000 -1,000000 -101,000000 0,000000 0,000000
11 1684168733 0,600000 -1,000000 -101,000000 0,000000 0,000000
11 1684168734 0,600000 -1,000000 -101,000000 0,000000 0,000000
11 1684168735 0,600000 -1,000000 -101,000000 0,000000 0,000000
11 1684168736 0,600000 -1,000000 -101,000000 0,000000 0,000000
11 1684168737 0,800000 -1,000000 -101,000000 0,000000 0,000000
11 1684168738 0,800000 -1,000000 -101,000000 0,000000 0,000000
11 1684168739 0,800000 -1,000000 -101,000000 0,000000 0,000000
11 1684168740 0,800000 -1,000000 -101,000000 0,000000 0,000000
11 1684168741 0,800000 -1,000000 -101,000000 0,000000 0,000000
11 1684168742 0,400000 -1,000000 -101,000000 0,000000 0,000000
11 1684168743 0,400000 -1,000000 -101,000000 0,000000 0,000000
11 1684168744 0,400000 -1,000000 -101,000000 0,000000 0,000000
11 1684168745 0,400000 -1,000000 -101,000000 0,000000 0,000000
11 1684168746 0,400000 -1,000000 -101,000000 0,000000 0,000000
11 1684168747 0,600000 -1,000000 -101,000000 0,000000 0,000000
11 1684168748 0,600000 -1,000000 -101,000000 0,000000 0,000000
11 1684168749 0,600000 -1,000000 -101,000000 0,000000 0,000000
11 1684168750 0,600000 -1,000000 -101,000000 0,000000 0,000000
11 1684168751 0,600000 -1,000000 -101,000000 0,000000 0,000000
11 1684168752 1,400000 -1,000000 -101,000000 0,000000 0,000000
11 1684168753 1,400000 -1,000000 -101,000000 0,000000 0,000000
11 1684168754 1,400000 -1,000000 -101,000000 0,000000 0,000000
11 1684168755 1,400000 -1,000000 -101,000000 0,000000 0,000000
11 1684168756 1,400000 -1,000000 -101,000000 0,000000 0,000000
11 1684168757 1,200000 -1,000000 -101,000000 0,000000 0,000000
11 1684168758 1,200000 -1,000000 -101,000000 0,000000 0,000000
11 1684168759 1,200000 -1,000000 -101,000000 0,000000 0,000000
11 1684168760 1,200000 -1,000000 -101,000000 0,000000 0,000000
11 1684168761 1,200000 -1,000000 -101,000000 0,000000 0,000000
11 1684168762 1,400000 -1,000000 -101,000000 0,000000 0,000000
11 1684168763 1,400000 -1,000000 -101,000000 0,000000 0,000000
11 1684168764 1,400000 -1,000000 -101,000000 0,000000 0,000000
11 1684168765 1,400000 -1,000000 -101,000000 0,000000 0,000000
11 1684168766 1,400000 -1,000000 -101,000000 0,000000 0,000000
11 1684168767 1,000000 -1,000000 -101,000000 0,000000 0,000000
11 1684168768 1,000000 -1,000000 -101,000000 0,000000 0,000000
11 1684168769 1,000000 -1,000000 -101,000000 0,000000 0,000000
11 1684168770 1,000000 -1,000000 -101,000000 0,000000 0,000000
11 1684168771 1,000000 -1,000000 -101,000000 0,000000 0,000000
11 1684168772 1,600000 -1,000000 -101,000000 0,000000 0,000000
11 1684168773 1,600000 -1,000000 -101,000000 0,000000 0,000000
11 1684168774 1,600000 -1,000000 -101,000000 0,000000 0,000000
11 1684168775 1,600000 -1,000000 -101,000000 0,000000 0,000000
11 1684168776 1,600000 -1,000000 -101,000000 0,000000 0,000000
11 1684168777 2,000000 -1,000000 -101,000000 0,000000 0,000000
11 1684168778 2,000000 -1,000000 -101,000000 0,000000 0,000000
11 1684168779 2,000000 -1,000000 -101,000000 0,000000 0,000000
11 1684168780 2,000000 -1,000000 -101,000000 0,000000 0,000000
11 1684168781 2,000000 -1,000000 -101,000000 0,000000 0,000000
11 1684168782 0,400000 -1,000000 -101,000000 0,000000 0,000000
11 1684168783 0,400000 -1,000000 -101,000000 0,000000 0,000000
11 1684168784 0,400000 -1,000000 -101,000000 0,000000 0,000000
11 1684168785 0,400000 -1,000000 -101,000000 0,000000 0,000000
11 1684168786 0,400000 -1,000000 -101,000000 0,000000 0,000000
11 1684168787 0,400000 -1,000000 -101,000000 0,000000 0,000000
11 1684168788 0,400000 -1,000000 -101,000000 0,000000 0,000000
11 1684168789 0,400000 -1,000000 -101,000000 0,000000 0,000000
11 1684168790 0,400000 -1,000000 -101,000000 0,000000 0,000000
11 1684168791 0,400000 -1,000000 -101,000000 0,000000 0,000000
11 1684168792 1,000000 -1,000000 -101,000000 0,000000 0,000000
11 1684168793 1,000000 -1,000000 -101,000000 0,000000 0,000000
11 1684168794 1,000000 -1,000000 -101,000000 0,000000 0,000000
11 1684168795 1,000000 -1,000000 -101,000000 0,000000 0,000000
11 1684168796 1,000000 -1,000000 -101,000000 0,000000 0,000000
11 1684168797 0,600000 -1,000000 -101,000000 0,000000 0,000000
11 1684168798 0,600000 -1,000000 -101,000000 0,000000 0,000000
11 1684168799 0,600000 -1,000000 -101,000000 0,000000 0,000000
11 1684168800 0,600000 -1,000000 -101,000000 0,000000 0,000000
11 1684168801 0,600000 -1,000000 -101,000000 0,000000 0,000000
11 1684168802 0,800000 -1,000000 -101,000000 0,000000 0,000000
11 1684168803 0,800000 -1,000000 -101,000000 0,000000 0,000000
11 1684168804 0,800000 -1,000000 -101,000000 0,000000 0,000000
11 1684168805 0,800000 -1,000000 -101,000000 0,000000 0,000000
11 1684168806 0,800000 -1,000000 -101,000000 0,000000 0,000000
11 1684168807 0,800000 -1,000000 -101,000000 0,000000 0,000000
11 1684168808 0,800000 -1,000000 -101,000000 0,000000 0,000000
11 1684168809 0,800000 -1,000000 -101,000000 0,000000 0,000000
11 1684168810 0,800000 -1,000000 -101,000000 0,000000 0,000000
11 1684168811 0,800000 -1,000000 -101,000000 0,000000 0,000000
11 1684168812 1,000000 -1,000000 -101,000000 0,000000 0,000000
11 1684168813 1,000000 -1,000000 -101,000000 0,000000 0,000000
11 1684168814 1,000000 -1,000000 -101,000000 0,000000 0,000000
11 1684168815 1,000000 -1,000000 -101,000000 0,000000 0,000000
11 1684168816 1,000000 -1,000000 -101,000000 0,000000 0,000000
11 1684168817 1,600000 -1,000000 -101,000000 0,000000 0,000000
11 1684168818 1,600000 -1,000000 -101,000000 0,000000 0,000000
11 1684168819 1,600000 -1,000000 -101,000000 0,000000 0,000000
11 1684168820 1,600000 -1,000000 -101,000000 0,000000 0,000000
11 1684168821 1,600000 -1,000000 -101,000000 0,000000 0,000000
11 1684168822 1,000000 -1,000000 -101,000000 0,000000 0,000000
11 1684168823 1,000000 -1,000000 -101,000000 0,000000 0,000000
11 1684168824 1,000000 -1,000000 -101,000000 0,000000 0,000000
11 1684168825 1,000000 -1,000000 -101,000000 0,000000 0,000000
11 1684168826 1,000000 -1,000000 -101,000000 0,000000 0,000000
11 1684168827 1,800000 -1,000000 -101,000000 0,000000 0,000000
11 1684168828 1,800000 -1,000000 -101,000000 0,000000 0,000000
11 1684168829 1,800000 -1,000000 -101,000000 0,000000 0,000000
11 1684168830 1,800000 -1,000000 -101,000000 0,000000 0,000000
11 1684168831 1,800000 -1,000000 -101,000000 0,000000 0,000000
11 1684168832 1,400000 -1,000000 -101,000000 0,000000 0,000000
11 1684168833 1,400000 -1,000000 -101,000000 0,000000 0,000000
11 1684168834 1,400000 -1,000000 -101,000000 0,000000 0,000000
11 1684168835 1,400000 -1,000000 -101,000000 0,000000 0,000000
11 1684168836 1,400000 -1,000000 -101,000000 0,000000 0,000000
11 1684168837 2,000000 -1,000000 -101,000000 0,000000 0,000000
11 1684168838 2,000000 -1,000000 -101,000000 0,000000 0,000000
11 1684168839 2,000000 -1,000000 -101,000000 0,000000 0,000000
11 1684168840 2,000000 -1,000000 -101,000000 0,000000 0,000000
11 1684168841 2,000000 -1,000000 -101,000000 0,000000 0,000000
11 1684168842 0,600000 -1,000000 -101,000000 0,000000 0,000000
11 1684168843 0,600000 -1,000000 -101,000000 0,000000 0,000000
11 1684168844 0,600000 -1,000000 -101,000000 0,000000 0,000000
11 1684168845 0,600000 -1,000000 -101,000000 0,000000 0,000000
11 1684168846 0,600000 -1,000000 -101,000000 0,000000 0,000000
11 1684168847 0,800000 -1,000000 -101,000000 0,000000 0,000000
11 1684168848 0,800000 -1,000000 -101,000000 0,000000 0,000000
11 1684168849 0,800000 -1,000000 -101,000000 0,000000 0,000000
11 1684168850 0,800000 -1,000000 -101,000000 0,000000 0,000000
11 1684168851 0,800000 -1,000000 -101,000000 0,000000 0,000000
11 1684168852 1,000000 -1,000000 -101,000000 0,000000 0,000000
11 1684168853 1,000000 -1,000000 -101,000000 0,000000 0,000000
11 1684168854 1,000000 -1,000000 -101,000000 0,000000 0,000000
11 1684168855 1,000000 -1,000000 -101,000000 0,000000 0,000000
11 1684168856 1,000000 -1,000000 -101,000000 0,000000 0,000000
11 1684168857 2,000000 -1,000000 -101,000000 0,000000 0,000000
11 1684168858 2,000000 -1,000000 -101,000000 0,000000 0,000000
11 1684168859 2,000000 -1,000000 -101,000000 0,000000 0,000000
11 1684168860 2,000000 -1,000000 -101,000000 0,000000 0,000000
11 1684168861 2,000000 -1,000000 -101,000000 0,000000 0,000000
11 1684168862 1,200000 -1,000000 -101,000000 0,000000 0,000000
11 1684168863 1,200000 -1,000000 -101,000000 0,000000 0,000000
11 1684168864 1,200000 -1,000000 -101,000000 0,000000 0,000000
11 1684168865 1,200000 -1,000000 -101,000000 0,000000 0,000000
11 1684168866 1,200000 -1,000000 -101,000000 0,000000 0,000000
11 1684168867 0,800000 -1,000000 -101,000000 0,000000 0,000000
11 1684168868 0,800000 -1,000000 -101,000000 0,000000 0,000000
11 1684168869 0,800000 -1,000000 -101,000000 0,000000 0,000000
11 1684168870 0,800000 -1,000000 -101,000000 0,000000 0,000000
11 1684168871 0,800000 -1,000000 -101,000000 0,000000 0,000000
11 1684168872 1,400000 -1,000000 -101,000000 0,000000 0,000000
11 1684168873 1,400000 -1,000000 -101,000000 0,000000 0,000000
11 1684168874 1,400000 -1,000000 -101,000000 0,000000 0,000000
11 1684168875 1,400000 -1,000000 -101,000000 0,000000 0,000000
11 1684168876 1,400000 -1,000000 -101,000000 0,000000 0,000000
11 1684168877 1,400000 -1,000000 -101,000000 0,000000 0,000000
11 1684168878 1,400000 -1,000000 -101,000000 0,000000 0,000000
11 1684168879 1,400000 -1,000000 -101,000000 0,000000 0,000000
11 1684168880 1,400000 -1,000000 -101,000000 0,000000 0,000000
11 1684168881 1,400000 -1,000000 -101,000000 0,000000 0,000000
11 1684168882 0,400000 -1,000000 -101,000000 0,000000 0,000000
11 1684168883 0,400000 -1,000000 -101,000000 0,000000 0,000000
11 1684168884 0,400000 -1,000000 -101,000000 0,000000 0,000000
11 1684168885 0,400000 -1,000000 -101,000000 0,000000 0,000000
11 1684168886 0,400000 -1,000000 -101,000000 0,000000 0,000000
11 1684168887 0,600000 -1,000000 -101,000000 0,000000 0,000000
11 1684168888 0,600000 -1,000000 -101,000000 0,000000 0,000000
11 1684168889 0,600000 -1,000000 -101,000000 0,000000 0,000000
11 1684168890 0,600000 -1,000000 -101,000000 0,000000 0,000000
11 1684168891 0,600000 -1,000000 -101,000000 0,000000 0,000000
11 1684168892 1,800000 -1,000000 -101,000000 0,000000 0,000000
11 1684168893 1,800000 -1,000000 -101,000000 0,000000 0,000000
11 1684168894 1,800000 -1,000000 -101,000000 0,000000 0,000000
11 1684168895 1,800000 -1,000000 -101,000000 0,000000 0,000000
11 1684168896 1,800000 -1,000000 -101,000000 0,000000 0,000000
11 1684168897 0,600000 -1,000000 -101,000000 0,000000 0,000000
11 1684168898 0,600000 -1,000000 -101,000000 0,000000 0,000000
11 1684168899 0,600000 -1,000000 -101,000000 0,000000 0,000000
11 1684168900 0,600000 -1,000000 -101,000000 0,000000 0,000000
11 1684168901 0,600000 -1,000000 -101,000000 0,000000 0,000000
11 1684168902 0,600000 -1,000000 -101,000000 0,000000 0,000000
11 1684168903 0,600000 -1,000000 -101,000000 0,000000 0,000000
11 1684168904 0,600000 -1,000000 -101,000000 0,000000 0,000000
11 1684168905 0,600000 -1,000000 -101,000000 0,000000 0,000000
11 1684168906 0,600000 -1,000000 -101,000000 0,000000 0,000000
11 1684168907 1,400000 -1,000000 -101,000000 0,000000 0,000000
11 1684168908 1,400000 -1,000000 -101,000000 0,000000 0,000000
11 1684168909 1,400000 -1,000000 -101,000000 0,000000 0,000000
11 1684168910 1,400000 -1,000000 -101,000000 0,000000 0,000000
11 1684168911 1,400000 -1,000000 -101,000000 0,000000 0,000000
11 1684168912 1,800000 -1,000000 -101,000000 0,000000 0,000000
11 1684168913 1,800000 -1,000000 -101,000000 0,000000 0,000000
11 1684168914 1,800000 -1,000000 -101,000000 0,000000 0,000000
11 1684168915 1,800000 -1,000000 -101,000000 0,000000 0,000000
11 1684168916 1,800000 -1,000000 -101,000000 0,000000 0,000000
11 1684168917 0,600000 -1,000000 -101,000000 0,000000 0,000000
11 1684168918 0,600000 -1,000000 -101,000000 0,000000 0,000000
11 1684168919 0,600000 -1,000000 -101,000000 0,000000 0,000000
11 1684168920 0,600000 -1,000000 -101,000000 0,000000 0,000000
11 1684168921 0,600000 -1,000000 -101,000000 0,000000 0,000000
11 1684168922 1,000000 -1,000000 -101,000000 0,000000 0,000000
11 1684168923 1,000000 -1,000000 -101,000000 0,000000 0,000000
11 1684168924 1,000000 -1,000000 -101,000000 0,000000 0,000000
11 1684168925 1,000000 -1,000000 -101,000000 0,000000 0,000000
11 1684168926 1,000000 -1,000000 -101,000000 0,000000 0,000000
11 1684168927 1,800000 -1,000000 -101,000000 0,000000 0,000000
11 1684168928 1,800000 -1,000000 -101,000000 0,000000 0,000000
11 1684168929 1,800000 -1,000000 -101,000000 0,000000 0,000000
11 1684168930 1,800000 -1,000000 -101,000000 0,000000 0,000000
11 1684168931 1,800000 -1,000000 -101,000000 0,000000 0,000000
11 1684168932 1,400000 -1,000000 -101,000000 0,000000 0,000000
11 1684168933 1,400000 -1,000000 -101,000000 0,000000 0,000000
11 1684168934 1,400000 -1,000000 -101,000000 0,000000 0,000000
11 1684168996 0,400000 -1,000000 0,400000 0,400000 0,000000
11 1684168995 0,400000 -1,000000 0,400000 0,400000 0,000000
11 1684168994 0,400000 -1,000000 0,400000 0,400000 0,000000
11 1684168993 0,400000 -1,000000 0,400000 0,400000 0,000000
11 1684168992 0,400000 -1,000000 0,400000 0,400000 0,000000
11 1684168991 1,400000 -1,000000 1,400000 1,400000 0,000000
11 1684168990 1,400000 -1,000000 1,400000 1,400000 0,000000
11 1684168989 1,400000 -1,000000 1,400000 1,400000 0,000000
11 1684168988 1,400000 -1,000000 1,400000 1,400000 0,000000
11 1684168987 1,400000 -1,000000 1,400000 1,400000 0,000000
11 1684168986 0,400000 -1,000000 0,400000 0,400000 0,000000
11 1684168985 0,400000 -1,000000 0,400000 0,400000 0,000000
11 1684168984 0,400000 -1,000000 0,400000 0,400000 0,000000
11 1684168983 0,400000 -1,000000 0,400000 0,400000 0,000000
11 1684168982 0,400000 -1,000000 0,400000 0,400000 0,000000
11 1684168981 1,000000 -1,000000 1,000000 1,000000 0,000000
11 1684168980 1,000000 -1,000000 1,000000 1,000000 0,000000
11 1684168979 1,000000 -1,000000 1,000000 1,000000 0,000000
11 1684168978 1,000000 -1,000000 1,000000 1,000000 0,000000
11 1684168977 1,000000 -1,000000 1,000000 1,000000 0,000000
11 1684168976 1,200000 -1,000000 1,200000 1,200000 0,000000
11 1684168975 1,200000 -1,000000 1,200000 1,200000 0,000000
11 1684168974 1,200000 -1,000000 1,200000 1,200000 0,000000
11 1684168973 1,200000 -1,000000 1,200000 1,200000 0,000000
11 1684168972 1,200000 -1,000000 1,200000 1,200000 0,000000
11 1684168971 1,000000 -1,000000 1,000000 1,000000 0,000000
11 1684168970 1,000000 -1,000000 1,000000 1,000000 0,000000
11 1684168969 1,000000 -1,000000 1,000000 1,000000 0,000000
11 1684168968 1,000000 -1,000000 1,000000 1,000000 0,000000
11 1684168967 1,000000 -1,000000 1,000000 1,000000 0,000000
11 1684168966 0,600000 -1,000000 0,600000 0,600000 0,000000
11 1684168965 0,600000 -1,000000 0,600000 0,600000 0,000000
11 1684168964 0,600000 -1,000000 0,600000 0,600000 0,000000
11 1684168963 0,600000 -1,000000 0,600000 0,600000 0,000000
11 1684168962 0,600000 -1,000000 0,600000 0,600000 0,000000
11 1684168961 0,400000 -1,000000 0,400000 0,400000 0,000000
11 1684168960 0,400000 -1,000000 0,400000 0,400000 0,000000
11 1684168959 0,400000 -1,000000 0,400000 0,400000 0,000000
11 1684168958 0,400000 -1,000000 0,400000 0,400000 0,000000
11 1684168957 0,400000 -1,000000 0,400000 0,400000 0,000000
11 1684168956 0,400000 -1,000000 0,400000 0,400000 0,000000
11 1684168955 0,400000 -1,000000 0,400000 0,400000 0,000000
11 1684168954 0,400000 -1,000000 0,400000 0,400000 0,000000
11 1684168953 0,400000 -1,000000 0,400000 0,400000 0,000000
11 1684168952 0,400000 -1,000000 0,400000 0,400000 0,000000
11 1684168951 2,000000 -1,000000 2,000000 2,000000 0,000000
11 1684168950 2,000000 -1,000000 2,000000 2,000000 0,000000
11 1684168949 2,000000 -1,000000 2,000000 2,000000 0,000000
11 1684168948 2,000000 -1,000000 2,000000 2,000000 0,000000
11 1684168947 2,000000 -1,000000 2,000000 2,000000 0,000000
11 1684168946 1,200000 -1,000000 1,200000 1,200000 0,000000
11 1684168945 1,200000 -1,000000 1,200000 1,200000 0,000000
11 1684168944 1,200000 -1,000000 1,200000 1,200000 0,000000
11 1684168943 1,200000 -1,000000 1,200000 1,200000 0,000000
11 1684168942 1,200000 -1,000000 1,200000 1,200000 0,000000
11 1684168941 0,800000 -1,000000 0,800000 0,800000 0,000000
11 1684168940 0,800000 -1,000000 0,800000 0,800000 0,000000
11 1684168939 0,800000 -1,000000 0,800000 0,800000 0,000000
11 1684168938 0,800000 -1,000000 0,800000 0,800000 0,000000
11 1684168937 0,800000 -1,000000 0,800000 0,800000 0,000000
11 1684168936 1,400000 -1,000000 1,400000 1,400000 0,000000
11 1684168935 1,400000 -1,000000 1,400000 1,400000 0,000000
11 1684168935 1,400000 -1,000000 -101,000000 0,000000 0,000000
11 1684168936 1,400000 -1,000000 -101,000000 0,000000 0,000000
11 1684168937 0,800000 -1,000000 -101,000000 0,000000 0,000000
11 1684168938 0,800000 -1,000000 -101,000000 0,000000 0,000000
11 1684168939 0,800000 -1,000000 -101,000000 0,000000 0,000000
11 1684168940 0,800000 -1,000000 -101,000000 0,000000 0,000000
11 1684168941 0,800000 -1,000000 -101,000000 0,000000 0,000000
11 1684168942 1,200000 -1,000000 -101,000000 0,000000 0,000000
11 1684168943 1,200000 -1,000000 -101,000000 0,000000 0,000000
11 1684168944 1,200000 -1,000000 -101,000000 0,000000 0,000000
11 1684168945 1,200000 -1,000000 -101,000000 0,000000 0,000000
11 1684168946 1,200000 -1,000000 -101,000000 0,000000 0,000000
11 1684168947 2,000000 -1,000000 -101,000000 0,000000 0,000000
11 1684168948 2,000000 -1,000000 -101,000000 0,000000 0,000000
11 1684168949 2,000000 -1,000000 -101,000000 0,000000 0,000000
11 1684168950 2,000000 -1,000000 -101,000000 0,000000 0,000000
11 1684168951 2,000000 -1,000000 -101,000000 0,000000 0,000000
11 1684168952 0,400000 -1,000000 -101,000000 0,000000 0,000000
11 1684168953 0,400000 -1,000000 -101,000000 0,000000 0,000000
11 1684168954 0,400000 -1,000000 -101,000000 0,000000 0,000000
11 1684168955 0,400000 -1,000000 -101,000000 0,000000 0,000000
11 1684168956 0,400000 -1,000000 -101,000000 0,000000 0,000000
11 1684168957 0,400000 -1,000000 -101,000000 0,000000 0,000000
11 1684168958 0,400000 -1,000000 -101,000000 0,000000 0,000000
11 1684168959 0,400000 -1,000000 -101,000000 0,000000 0,000000
11 1684168960 0,400000 -1,000000 -101,000000 0,000000 0,000000
11 1684168961 0,400000 -1,000000 -101,000000 0,000000 0,000000
11 1684168962 0,600000 -1,000000 -101,000000 0,000000 0,000000
11 1684168963 0,600000 -1,000000 -101,000000 0,000000 0,000000
11 1684168964 0,600000 -1,000000 -101,000000 0,000000 0,000000
11 1684168965 0,600000 -1,000000 -101,000000 0,000000 0,000000
11 1684168966 0,600000 -1,000000 -101,000000 0,000000 0,000000
11 1684168967 1,000000 -1,000000 -101,000000 0,000000 0,000000
11 1684168968 1,000000 -1,000000 -101,000000 0,000000 0,000000
11 1684168969 1,000000 -1,000000 -101,000000 0,000000 0,000000
11 1684168970 1,000000 -1,000000 -101,000000 0,000000 0,000000
11 1684168971 1,000000 -1,000000 -101,000000 0,000000 0,000000
11 1684168972 1,200000 -1,000000 -101,000000 0,000000 0,000000
11 1684168973 1,200000 -1,000000 -101,000000 0,000000 0,000000
11 1684168974 1,200000 -1,000000 -101,000000 0,000000 0,000000
11 1684168975 1,200000 -1,000000 -101,000000 0,000000 0,000000
11 1684168976 1,200000 -1,000000 -101,000000 0,000000 0,000000
11 1684168977 1,000000 -1,000000 -101,000000 0,000000 0,000000
11 1684168978 1,000000 -1,000000 -101,000000 0,000000 0,000000
11 1684168979 1,000000 -1,000000 -101,000000 0,000000 0,000000
11 1684168980 1,000000 -1,000000 -101,000000 0,000000 0,000000
11 1684168981 1,000000 -1,000000 -101,000000 0,000000 0,000000
11 1684168982 0,400000 -1,000000 -101,000000 0,000000 0,000000
11 1684168983 0,400000 -1,000000 -101,000000 0,000000 0,000000
11 1684168984 0,400000 -1,000000 -101,000000 0,000000 0,000000
11 1684168985 0,400000 -1,000000 -101,000000 0,000000 0,000000
11 1684168986 0,400000 -1,000000 -101,000000 0,000000 0,000000
11 1684168987 1,400000 -1,000000 -101,000000 0,000000 0,000000
11 1684168988 1,400000 -1,000000 -101,000000 0,000000 0,000000
11 1684168989 1,400000 -1,000000 -101,000000 0,000000 0,000000
11 1684168990 1,400000 -1,000000 -101,000000 0,000000 0,000000
11 1684168991 1,400000 -1,000000 -101,000000 0,000000 0,000000
11 1684168992 0,400000 -1,000000 -101,000000 0,000000 0,000000
11 1684168993 0,400000 -1,000000 -101,000000 0,000000 0,000000
11 1684168994 0,400000 -1,000000 -101,000000 0,000000 0,000000
11 1684168995 0,400000 -1,000000 -101,000000 0,000000 0,000000
11 1684168996 0,400000 -1,000000 -101,000000 0,000000 0,000000
11 1684168997 0,200000 -1,000000 -101,000000 0,000000 0,000000
11 1684168998 0,200000 -1,000000 -101,000000 0,000000 0,000000
11 1684168999 0,200000 -1,000000 -101,000000 0,000000 0,000000
11 1684169000 0,200000 -1,000000 -101,000000 0,000000 0,000000
11 1684169001 0,200000 -1,000000 -101,000000 0,000000 0,000000
11 1684169002 0,800000 -1,000000 -101,000000 0,000000 0,000000
11 1684169003 0,800000 -1,000000 -101,000000 0,000000 0,000000
11 1684169004 0,800000 -1,000000 -101,000000 0,000000 0,000000
11 1684169005 0,800000 -1,000000 -101,000000 0,000000 0,000000
11 1684169006 0,800000 -1,000000 -101,000000 0,000000 0,000000
11 1684169007 1,600000 -1,000000 -101,000000 0,000000 0,000000
11 1684169008 1,600000 -1,000000 -101,000000 0,000000 0,000000
11 1684169009 1,600000 -1,000000 -101,000000 0,000000 0,000000
11 1684169010 1,600000 -1,000000 -101,000000 0,000000 0,000000
11 1684169011 1,600000 -1,000000 -101,000000 0,000000 0,000000
11 1684169012 1,800000 -1,000000 -101,000000 0,000000 0,000000
11 1684169013 1,800000 -1,000000 -101,000000 0,000000 0,000000
11 1684169014 1,800000 -1,000000 -101,000000 0,000000 0,000000
11 1684169015 1,800000 -1,000000 -101,000000 0,000000 0,000000
11 1684169016 1,800000 -1,000000 -101,000000 0,000000 0,000000
11 1684169017 1,400000 -1,000000 -101,000000 0,000000 0,000000
11 1684169018 1,400000 -1,000000 -101,000000 0,000000 0,000000
11 1684169019 1,400000 -1,000000 -101,000000 0,000000 0,000000
11 1684169020 1,400000 -1,000000 -101,000000 0,000000 0,000000
11 1684169021 1,400000 -1,000000 -101,000000 0,000000 0,000000
11 1684169022 1,800000 -1,000000 -101,000000 0,000000 0,000000
11 1684169023 1,800000 -1,000000 -101,000000 0,000000 0,000000
11 1684169024 1,800000 -1,000000 -101,000000 0,000000 0,000000
11 1684169025 1,800000 -1,000000 -101,000000 0,000000 0,000000
11 1684169026 1,800000 -1,000000 -101,000000 0,000000 0,000000
11 1684169027 3,000000 -1,000000 -101,000000 0,000000 0,000000
11 1684169028 3,000000 -1,000000 -101,000000 0,000000 0,000000
11 1684169029 3,000000 -1,000000 -101,000000 0,000000 0,000000
11 1684169030 3,000000 -1,000000 -101,000000 0,000000 0,000000
11 1684169031 3,000000 -1,000000 -101,000000 0,000000 0,000000
11 1684169032 1,200000 -1,000000 -101,000000 0,000000 0,000000
11 1684169033 1,200000 -1,000000 -101,000000 0,000000 0,000000
11 1684169034 1,200000 -1,000000 -101,000000 0,000000 0,000000
11 1684169035 1,200000 -1,000000 -101,000000 0,000000 0,000000
11 1684169036 1,200000 -1,000000 -101,000000 0,000000 0,000000
11 1684169037 0,800000 -1,000000 -101,000000 0,000000 0,000000
11 1684169038 0,800000 -1,000000 -101,000000 0,000000 0,000000
11 1684169039 0,800000 -1,000000 -101,000000 0,000000 0,000000
11 1684169040 0,800000 -1,000000 -101,000000 0,000000 0,000000
11 1684169041 0,800000 -1,000000 -101,000000 0,000000 0,000000
11 1684169042 0,600000 -1,000000 -101,000000 0,000000 0,000000
11 1684169043 0,600000 -1,000000 -101,000000 0,000000 0,000000
11 1684169044 0,600000 -1,000000 -101,000000 0,000000 0,000000
11 1684169045 0,600000 -1,000000 -101,000000 0,000000 0,000000
11 1684169046 0,600000 -1,000000 -101,000000 0,000000 0,000000
11 1684169047 0,800000 -1,000000 -101,000000 0,000000 0,000000
11 1684169048 0,800000 -1,000000 -101,000000 0,000000 0,000000
11 1684169049 0,800000 -1,000000 -101,000000 0,000000 0,000000
11 1684169050 0,800000 -1,000000 -101,000000 0,000000 0,000000
11 1684169051 0,800000 -1,000000 -101,000000 0,000000 0,000000
11 1684169052 1,000000 -1,000000 -101,000000 0,000000 0,000000
11 1684169053 1,000000 -1,000000 -101,000000 0,000000 0,000000
11 1684169054 1,000000 -1,000000 -101,000000 0,000000 0,000000
11 1684169055 1,000000 -1,000000 -101,000000 0,000000 0,000000
11 1684169056 1,000000 -1,000000 -101,000000 0,000000 0,000000
11 1684169057 0,600000 -1,000000 -101,000000 0,000000 0,000000
11 1684169058 0,600000 -1,000000 -101,000000 0,000000 0,000000
11 1684169059 0,600000 -1,000000 -101,000000 0,000000 0,000000
11 1684169060 0,600000 -1,000000 -101,000000 0,000000 0,000000
11 1684169061 0,600000 -1,000000 -101,000000 0,000000 0,000000
11 1684169062 1,200000 -1,000000 -101,000000 0,000000 0,000000
11 1684169063 1,200000 -1,000000 -101,000000 0,000000 0,000000
11 1684169064 1,200000 -1,000000 -101,000000 0,000000 0,000000
11 1684169065 1,200000 -1,000000 -101,000000 0,000000 0,000000
11 1684169066 1,200000 -1,000000 -101,000000 0,000000 0,000000
11 1684169067 1,200000 -1,000000 -101,000000 0,000000 0,000000
11 1684169068 1,200000 -1,000000 -101,000000 0,000000 0,000000
11 1684169069 1,200000 -1,000000 -101,000000 0,000000 0,000000
11 1684169070 1,200000 -1,000000 -101,000000 0,000000 0,000000
11 1684169071 1,200000 -1,000000 -101,000000 0,000000 0,000000
11 1684169072 0,400000 -1,000000 -101,000000 0,000000 0,000000
11 1684169073 0,400000 -1,000000 -101,000000 0,000000 0,000000
11 1684169074 0,400000 -1,000000 -101,000000 0,000000 0,000000
11 1684169075 0,400000 -1,000000 -101,000000 0,000000 0,000000
11 1684169076 0,400000 -1,000000 -101,000000 0,000000 0,000000
11 1684169077 1,000000 -1,000000 -101,000000 0,000000 0,000000
11 1684169078 1,000000 -1,000000 -101,000000 0,000000 0,000000
11 1684169079 1,000000 -1,000000 -101,000000 0,000000 0,000000
11 1684169080 1,000000 -1,000000 -101,000000 0,000000 0,000000
11 1684169081 1,000000 -1,000000 -101,000000 0,000000 0,000000
11 1684169082 0,600000 -1,000000 -101,000000 0,000000 0,000000
11 1684169083 0,600000 -1,000000 -101,000000 0,000000 0,000000
11 1684169084 0,600000 -1,000000 -101,000000 0,000000 0,000000
11 1684169085 0,600000 -1,000000 -101,000000 0,000000 0,000000
11 1684169086 0,600000 -1,000000 -101,000000 0,000000 0,000000
11 1684169087 0,800000 -1,000000 -101,000000 0,000000 0,000000
11 1684169088 0,800000 -1,000000 -101,000000 0,000000 0,000000
11 1684169089 0,800000 -1,000000 -101,000000 0,000000 0,000000
11 1684169090 0,800000 -1,000000 -101,000000 0,000000 0,000000
11 1684169091 0,800000 -1,000000 -101,000000 0,000000 0,000000
11 1684169092 1,400000 -1,000000 -101,000000 0,000000 0,000000
11 1684169093 1,400000 -1,000000 -101,000000 0,000000 0,000000
11 1684169094 1,400000 -1,000000 -101,000000 0,000000 0,000000
11 1684169095 1,400000 -1,000000 -101,000000 0,000000 0,000000
11 1684169096 1,400000 -1,000000 -101,000000 0,000000 0,000000
11 1684169097 1,200000 -1,000000 -101,000000 0,000000 0,000000
11 1684169098 1,200000 -1,000000 -101,000000 0,000000 0,000000
11 1684169099 1,200000 -1,000000 -101,000000 0,000000 0,000000
11 1684169100 1,200000 -1,000000 -101,000000 0,000000 0,000000
11 1684169101 1,200000 -1,000000 -101,000000 0,000000 0,000000
11 1684169102 0,800000 -1,000000 -101,000000 0,000000 0,000000
11 1684169103 0,800000 -1,000000 -101,000000 0,000000 0,000000
11 1684169104 0,800000 -1,000000 -101,000000 0,000000 0,000000
11 1684169105 0,800000 -1,000000 -101,000000 0,000000 0,000000
11 1684169106 0,800000 -1,000000 -101,000000 0,000000 0,000000
11 1684169107 1,600000 -1,000000 -101,000000 0,000000 0,000000
11 1684169108 1,600000 -1,000000 -101,000000 0,000000 0,000000
11 1684169109 1,600000 -1,000000 -101,000000 0,000000 0,000000
11 1684169110 1,600000 -1,000000 -101,000000 0,000000 0,000000
11 1684169111 1,600000 -1,000000 -101,000000 0,000000 0,000000
11 1684169112 1,400000 -1,000000 -101,000000 0,000000 0,000000
11 1684169113 1,400000 -1,000000 -101,000000 0,000000 0,000000
11 1684169114 1,400000 -1,000000 -101,000000 0,000000 0,000000
11 1684169115 1,400000 -1,000000 -101,000000 0,000000 0,000000
11 1684169116 1,400000 -1,000000 -101,000000 0,000000 0,000000
11 1684169117 1,400000 -1,000000 -101,000000 0,000000 0,000000
11 1684169118 1,400000 -1,000000 -101,000000 0,000000 0,000000
11 1684169119 1,400000 -1,000000 -101,000000 0,000000 0,000000
11 1684169120 1,400000 -1,000000 -101,000000 0,000000 0,000000
11 1684169121 1,400000 -1,000000 -101,000000 0,000000 0,000000
11 1684169122 1,200000 -1,000000 -101,000000 0,000000 0,000000
11 1684169123 1,200000 -1,000000 -101,000000 0,000000 0,000000
11 1684169124 1,200000 -1,000000 -101,000000 0,000000 0,000000
11 1684169125 1,200000 -1,000000 -101,000000 0,000000 0,000000
11 1684169126 1,200000 -1,000000 -101,000000 0,000000 0,000000
11 1684169127 1,800000 -1,000000 -101,000000 0,000000 0,000000
11 1684169128 1,800000 -1,000000 -101,000000 0,000000 0,000000
11 1684169129 1,800000 -1,000000 -101,000000 0,000000 0,000000
11 1684169130 1,800000 -1,000000 -101,000000 0,000000 0,000000
11 1684169131 1,800000 -1,000000 -101,000000 0,000000 0,000000
11 1684169132 1,400000 -1,000000 -101,000000 0,000000 0,000000
11 1684169133 1,400000 -1,000000 -101,000000 0,000000 0,000000
11 1684169134 1,400000 -1,000000 -101,000000 0,000000 0,000000
11 1684169135 1,400000 -1,000000 -101,000000 0,000000 0,000000
11 1684169136 1,400000 -1,000000 -101,000000 0,000000 0,000000
11 1684169137 0,400000 -1,000000 -101,000000 0,000000 0,000000
11 1684169138 0,400000 -1,000000 -101,000000 0,000000 0,000000
11 1684169139 0,400000 -1,000000 -101,000000 0,000000 0,000000
11 1684169140 0,400000 -1,000000 -101,000000 0,000000 0,000000
11 1684169141 0,400000 -1,000000 -101,000000 0,000000 0,000000
11 1684169142 1,000000 -1,000000 -101,000000 0,000000 0,000000
11 1684169143 1,000000 -1,000000 -101,000000 0,000000 0,000000
11 1684169144 1,000000 -1,000000 -101,000000 0,000000 0,000000
11 1684169145 1,000000 -1,000000 -101,000000 0,000000 0,000000
11 1684169146 1,000000 -1,000000 -101,000000 0,000000 0,000000
11 1684169147 1,000000 -1,000000 -101,000000 0,000000 0,000000
11 1684169148 1,000000 -1,000000 -101,000000 0,000000 0,000000
11 1684169149 1,000000 -1,000000 -101,000000 0,000000 0,000000
11 1684169150 1,000000 -1,000000 -101,000000 0,000000 0,000000
11 1684169151 1,000000 -1,000000 -101,000000 0,000000 0,000000
11 1684169152 0,400000 -1,000000 -101,000000 0,000000 0,000000
11 1684169153 0,400000 -1,000000 -101,000000 0,000000 0,000000
11 1684169154 0,400000 -1,000000 -101,000000 0,000000 0,000000
11 1684169155 0,400000 -1,000000 -101,000000 0,000000 0,000000
11 1684169156 0,400000 -1,000000 -101,000000 0,000000 0,000000
11 1684169157 0,800000 -1,000000 -101,000000 0,000000 0,000000
11 1684169158 0,800000 -1,000000 -101,000000 0,000000 0,000000
11 1684169159 0,800000 -1,000000 -101,000000 0,000000 0,000000
11 1684169160 0,800000 -1,000000 -101,000000 0,000000 0,000000
11 1684169161 0,800000 -1,000000 -101,000000 0,000000 0,000000
11 1684169162 1,000000 -1,000000 -101,000000 0,000000 0,000000
11 1684169163 1,000000 -1,000000 -101,000000 0,000000 0,000000
11 1684169164 1,000000 -1,000000 -101,000000 0,000000 0,000000
11 1684169165 1,000000 -1,000000 -101,000000 0,000000 0,000000
11 1684169166 1,000000 -1,000000 -101,000000 0,000000 0,000000
11 1684169167 1,200000 -1,000000 -101,000000 0,000000 0,000000
11 1684169168 1,200000 -1,000000 -101,000000 0,000000 0,000000
11 1684169169 1,200000 -1,000000 -101,000000 0,000000 0,000000
11 1684169170 1,200000 -1,000000 -101,000000 0,000000 0,000000
11 1684169171 1,200000 -1,000000 -101,000000 0,000000 0,000000
11 1684169172 1,200000 -1,000000 -101,000000 0,000000 0,000000
11 1684169173 1,200000 -1,000000 -101,000000 0,000000 0,000000
11 1684169174 1,200000 -1,000000 -101,000000 0,000000 0,000000
11 1684169175 1,200000 -1,000000 -101,000000 0,000000 0,000000
11 1684169176 1,200000 -1,000000 -101,000000 0,000000 0,000000
11 1684169177 1,200000 -1,000000 -101,000000 0,000000 0,000000
11 1684169178 1,200000 -1,000000 -101,000000 0,000000 0,000000
11 1684169179 1,200000 -1,000000 -101,000000 0,000000 0,000000
11 1684169180 1,200000 -1,000000 -101,000000 0,000000 0,000000
11 1684169181 1,200000 -1,000000 -101,000000 0,000000 0,000000
11 1684169182 1,200000 -1,000000 -101,000000 0,000000 0,000000
11 1684169183 1,200000 -1,000000 -101,000000 0,000000 0,000000
11 1684169184 1,200000 -1,000000 -101,000000 0,000000 0,000000
11 1684169185 1,200000 -1,000000 -101,000000 0,000000 0,000000
11 1684169186 1,200000 -1,000000 -101,000000 0,000000 0,000000
11 1684169187 1,000000 -1,000000 -101,000000 0,000000 0,000000
11 1684169188 1,000000 -1,000000 -101,000000 0,000000 0,000000
11 1684169189 1,000000 -1,000000 -101,000000 0,000000 0,000000
11 1684169190 1,000000 -1,000000 -101,000000 0,000000 0,000000
11 1684169191 1,000000 -1,000000 -101,000000 0,000000 0,000000
11 1684169192 0,800000 -1,000000 -101,000000 0,000000 0,000000
11 1684169193 0,800000 -1,000000 -101,000000 0,000000 0,000000
11 1684169194 0,800000 -1,000000 -101,000000 0,000000 0,000000
11 1684169195 0,800000 -1,000000 -101,000000 0,000000 0,000000
11 1684169196 0,800000 -1,000000 -101,000000 0,000000 0,000000
11 1684169197 1,400000 -1,000000 -101,000000 0,000000 0,000000
11 1684169198 1,400000 -1,000000 -101,000000 0,000000 0,000000
11 1684169199 1,400000 -1,000000 -101,000000 0,000000 0,000000
11 1684169200 1,400000 -1,000000 -101,000000 0,000000 0,000000
11 1684169201 1,400000 -1,000000 -101,000000 0,000000 0,000000
11 1684169202 1,400000 -1,000000 -101,000000 0,000000 0,000000
11 1684169203 1,400000 -1,000000 -101,000000 0,000000 0,000000
11 1684169204 1,400000 -1,000000 -101,000000 0,000000 0,000000
11 1684169205 1,400000 -1,000000 -101,000000 0,000000 0,000000
11 1684169206 1,400000 -1,000000 -101,000000 0,000000 0,000000
11 1684169207 1,800000 -1,000000 -101,000000 0,000000 0,000000
11 1684169208 1,800000 -1,000000 -101,000000 0,000000 0,000000
11 1684169209 1,800000 -1,000000 -101,000000 0,000000 0,000000
11 1684169210 1,800000 -1,000000 -101,000000 0,000000 0,000000
11 1684169211 1,800000 -1,000000 -101,000000 0,000000 0,000000
11 1684169212 0,600000 -1,000000 -101,000000 0,000000 0,000000
11 1684169213 0,600000 -1,000000 -101,000000 0,000000 0,000000
11 1684169214 0,600000 -1,000000 -101,000000 0,000000 0,000000
11 1684169215 0,600000 -1,000000 -101,000000 0,000000 0,000000
11 1684169216 0,600000 -1,000000 -101,000000 0,000000 0,000000
11 1684169217 0,800000 -1,000000 -101,000000 0,000000 0,000000
11 1684169218 0,800000 -1,000000 -101,000000 0,000000 0,000000
11 1684169219 0,800000 -1,000000 -101,000000 0,000000 0,000000
11 1684169220 0,800000 -1,000000 -101,000000 0,000000 0,000000
11 1684169221 0,800000 -1,000000 -101,000000 0,000000 0,000000
11 1684169222 1,400000 -1,000000 -101,000000 0,000000 0,000000
11 1684169223 1,400000 -1,000000 -101,000000 0,000000 0,000000
11 1684169224 1,400000 -1,000000 -101,000000 0,000000 0,000000
11 1684169225 1,400000 -1,000000 -101,000000 0,000000 0,000000
11 1684169226 1,400000 -1,000000 -101,000000 0,000000 0,000000
11 1684169227 2,000000 -1,000000 -101,000000 0,000000 0,000000
11 1684169228 2,000000 -1,000000 -101,000000 0,000000 0,000000
11 1684169229 2,000000 -1,000000 -101,000000 0,000000 0,000000
11 1684169230 2,000000 -1,000000 -101,000000 0,000000 0,000000
11 1684169231 2,000000 -1,000000 -101,000000 0,000000 0,000000
11 1684169232 0,600000 -1,000000 -101,000000 0,000000 0,000000
11 1684169233 0,600000 -1,000000 -101,000000 0,000000 0,000000
11 1684169234 0,600000 -1,000000 -101,000000 0,000000 0,000000
11 1684169235 0,600000 -1,000000 -101,000000 0,000000 0,000000
11 1684169236 0,600000 -1,000000 -101,000000 0,000000 0,000000
11 1684169237 1,200000 -1,000000 -101,000000 0,000000 0,000000
11 1684169238 1,200000 -1,000000 -101,000000 0,000000 0,000000
11 1684169239 1,200000 -1,000000 -101,000000 0,000000 0,000000
11 1684169240 1,200000 -1,000000 -101,000000 0,000000 0,000000
11 1684169241 1,200000 -1,000000 -101,000000 0,000000 0,000000
11 1684169242 0,800000 -1,000000 -101,000000 0,000000 0,000000
11 1684169243 0,800000 -1,000000 -101,000000 0,000000 0,000000
11 1684169244 0,800000 -1,000000 -101,000000 0,000000 0,000000
11 1684169245 0,800000 -1,000000 -101,000000 0,000000 0,000000
11 1684169246 0,800000 -1,000000 -101,000000 0,000000 0,000000
11 1684169247 1,400000 -1,000000 -101,000000 0,000000 0,000000
11 1684169248 1,400000 -1,000000 -101,000000 0,000000 0,000000
11 1684169249 1,400000 -1,000000 -101,000000 0,000000 0,000000
11 1684169250 1,400000 -1,000000 -101,000000 0,000000 0,000000
11 1684169251 1,400000 -1,000000 -101,000000 0,000000 0,000000
11 1684169252 0,200000 -1,000000 -101,000000 0,000000 0,000000
11 1684169253 0,200000 -1,000000 -101,000000 0,000000 0,000000
11 1684169254 0,200000 -1,000000 -101,000000 0,000000 0,000000
11 1684169255 0,200000 -1,000000 -101,000000 0,000000 0,000000
11 1684169256 0,200000 -1,000000 -101,000000 0,000000 0,000000
11 1684169257 0,800000 -1,000000 -101,000000 0,000000 0,000000
11 1684169258 0,800000 -1,000000 -101,000000 0,000000 0,000000
11 1684169259 0,800000 -1,000000 -101,000000 0,000000 0,000000
11 1684169260 0,800000 -1,000000 -101,000000 0,000000 0,000000
11 1684169261 0,800000 -1,000000 -101,000000 0,000000 0,000000
11 1684169262 1,800000 -1,000000 -101,000000 0,000000 0,000000
11 1684169263 1,800000 -1,000000 -101,000000 0,000000 0,000000
11 1684169264 1,800000 -1,000000 -101,000000 0,000000 0,000000
11 1684169265 1,800000 -1,000000 -101,000000 0,000000 0,000000
11 1684169266 1,800000 -1,000000 -101,000000 0,000000 0,000000
11 1684169267 1,000000 -1,000000 -101,000000 0,000000 0,000000
11 1684169268 1,000000 -1,000000 -101,000000 0,000000 0,000000
11 1684169269 1,000000 -1,000000 -101,000000 0,000000 0,000000
11 1684169270 1,000000 -1,000000 -101,000000 0,000000 0,000000
11 1684169271 1,000000 -1,000000 -101,000000 0,000000 0,000000
11 1684169272 1,000000 -1,000000 -101,000000 0,000000 0,000000
11 1684169273 1,000000 -1,000000 -101,000000 0,000000 0,000000
11 1684169274 1,000000 -1,000000 -101,000000 0,000000 0,000000
11 1684169275 1,000000 -1,000000 -101,000000 0,000000 0,000000
11 1684169276 1,000000 -1,000000 -101,000000 0,000000 0,000000
11 1684169277 1,600000 -1,000000 -101,000000 0,000000 0,000000
11 1684169278 1,600000 -1,000000 -101,000000 0,000000 0,000000
11 1684169279 1,600000 -1,000000 -101,000000 0,000000 0,000000
11 1684169280 1,600000 -1,000000 -101,000000 0,000000 0,000000
11 1684169281 1,600000 -1,000000 -101,000000 0,000000 0,000000
11 1684169282 1,800000 -1,000000 -101,000000 0,000000 0,000000
11 1684169283 1,800000 -1,000000 -101,000000 0,000000 0,000000
11 1684169284 1,800000 -1,000000 -101,000000 0,000000 0,000000
11 1684169285 1,800000 -1,000000 -101,000000 0,000000 0,000000
11 1684169286 1,800000 -1,000000 -101,000000 0,000000 0,000000
11 1684169287 1,400000 -1,000000 -101,000000 0,000000 0,000000
11 1684169288 1,400000 -1,000000 -101,000000 0,000000 0,000000
11 1684169289 1,400000 -1,000000 -101,000000 0,000000 0,000000
11 1684169290 1,400000 -1,000000 -101,000000 0,000000 0,000000
11 1684169291 1,400000 -1,000000 -101,000000 0,000000 0,000000
11 1684169292 0,200000 -1,000000 -101,000000 0,000000 0,000000
11 1684169293 0,200000 -1,000000 -101,000000 0,000000 0,000000
11 1684169294 0,200000 -1,000000 -101,000000 0,000000 0,000000
11 1684169295 0,200000 -1,000000 -101,000000 0,000000 0,000000
11 1684169296 0,200000 -1,000000 -101,000000 0,000000 0,000000
11 1684169297 0,600000 -1,000000 -101,000000 0,000000 0,000000
11 1684169298 0,600000 -1,000000 -101,000000 0,000000 0,000000
11 1684169299 0,600000 -1,000000 -101,000000 0,000000 0,000000
11 1684169300 0,600000 -1,000000 -101,000000 0,000000 0,000000
11 1684169301 0,600000 -1,000000 -101,000000 0,000000 0,000000
11 1684169302 1,200000 -1,000000 -101,000000 0,000000 0,000000
11 1684169303 1,200000 -1,000000 -101,000000 0,000000 0,000000
11 1684169304 1,200000 -1,000000 -101,000000 0,000000 0,000000
11 1684169305 1,200000 -1,000000 -101,000000 0,000000 0,000000
11 1684169306 1,200000 -1,000000 -101,000000 0,000000 0,000000
11 1684169307 0,600000 -1,000000 -101,000000 0,000000 0,000000
11 1684169308 0,600000 -1,000000 -101,000000 0,000000 0,000000
11 1684169309 0,600000 -1,000000 -101,000000 0,000000 0,000000
11 1684169310 0,600000 -1,000000 -101,000000 0,000000 0,000000
11 1684169311 0,600000 -1,000000 -101,000000 0,000000 0,000000
11 1684169312 0,800000 -1,000000 -101,000000 0,000000 0,000000
11 1684169313 0,800000 -1,000000 -101,000000 0,000000 0,000000
11 1684169314 0,800000 -1,000000 -101,000000 0,000000 0,000000
11 1684169315 0,800000 -1,000000 -101,000000 0,000000 0,000000
11 1684169316 0,800000 -1,000000 -101,000000 0,000000 0,000000
11 1684169317 1,400000 -1,000000 -101,000000 0,000000 0,000000
11 1684169318 1,400000 -1,000000 -101,000000 0,000000 0,000000
11 1684169319 1,400000 -1,000000 -101,000000 0,000000 0,000000
11 1684169320 1,400000 -1,000000 -101,000000 0,000000 0,000000
11 1684169321 1,400000 -1,000000 -101,000000 0,000000 0,000000
11 1684169322 1,000000 -1,000000 -101,000000 0,000000 0,000000
11 1684169323 1,000000 -1,000000 -101,000000 0,000000 0,000000
11 1684169324 1,000000 -1,000000 -101,000000 0,000000 0,000000
11 1684169325 1,000000 -1,000000 -101,000000 0,000000 0,000000
11 1684169326 1,000000 -1,000000 -101,000000 0,000000 0,000000
11 1684169327 0,800000 -1,000000 -101,000000 0,000000 0,000000
11 1684169328 0,800000 -1,000000 -101,000000 0,000000 0,000000
11 1684169329 0,800000 -1,000000 -101,000000 0,000000 0,000000
11 1684169330 0,800000 -1,000000 -101,000000 0,000000 0,000000
11 1684169331 0,800000 -1,000000 -101,000000 0,000000 0,000000
11 1684169332 0,200000 -1,000000 -101,000000 0,000000 0,000000
11 1684169333 0,200000 -1,000000 -101,000000 0,000000 0,000000
11 1684169334 0,200000 -1,000000 -101,000000 0,000000 0,000000
11 1684169335 0,200000 -1,000000 -101,000000 0,000000 0,000000
11 1684169336 0,200000 -1,000000 -101,000000 0,000000 0,000000
11 1684169337 1,000000 -1,000000 -101,000000 0,000000 0,000000
11 1684169338 1,000000 -1,000000 -101,000000 0,000000 0,000000
11 1684169339 1,000000 -1,000000 -101,000000 0,000000 0,000000
11 1684169340 1,000000 -1,000000 -101,000000 0,000000 0,000000
11 1684169341 1,000000 -1,000000 -101,000000 0,000000 0,000000
11 1684169342 0,800000 -1,000000 -101,000000 0,000000 0,000000
11 1684169343 0,800000 -1,000000 -101,000000 0,000000 0,000000
11 1684169344 0,800000 -1,000000 -101,000000 0,000000 0,000000
11 1684169345 0,800000 -1,000000 -101,000000 0,000000 0,000000
11 1684169346 0,800000 -1,000000 -101,000000 0,000000 0,000000
11 1684169347 0,800000 -1,000000 -101,000000 0,000000 0,000000
11 1684169348 0,800000 -1,000000 -101,000000 0,000000 0,000000
11 1684169349 0,800000 -1,000000 -101,000000 0,000000 0,000000
11 1684169350 0,800000 -1,000000 -101,000000 0,000000 0,000000
11 1684169351 0,800000 -1,000000 -101,000000 0,000000 0,000000
11 1684169352 1,000000 -1,000000 -101,000000 0,000000 0,000000
11 1684169353 1,000000 -1,000000 -101,000000 0,000000 0,000000
11 1684169354 1,000000 -1,000000 -101,000000 0,000000 0,000000
11 1684169355 1,000000 -1,000000 -101,000000 0,000000 0,000000
11 1684169356 1,000000 -1,000000 -101,000000 0,000000 0,000000
11 1684169357 1,800000 -1,000000 -101,000000 0,000000 0,000000
11 1684169358 1,800000 -1,000000 -101,000000 0,000000 0,000000
11 1684169359 1,800000 -1,000000 -101,000000 0,000000 0,000000
11 1684169360 1,800000 -1,000000 -101,000000 0,000000 0,000000
11 1684169361 1,800000 -1,000000 -101,000000 0,000000 0,000000
11 1684169362 1,600000 -1,000000 -101,000000 0,000000 0,000000
11 1684169363 1,600000 -1,000000 -101,000000 0,000000 0,000000
11 1684169364 1,600000 -1,000000 -101,000000 0,000000 0,000000
11 1684169365 1,600000 -1,000000 -101,000000 0,000000 0,000000
11 1684169366 1,600000 -1,000000 -101,000000 0,000000 0,000000
11 1684169367 1,400000 -1,000000 -101,000000 0,000000 0,000000
11 1684169368 1,400000 -1,000000 -101,000000 0,000000 0,000000
11 1684169369 1,400000 -1,000000 -101,000000 0,000000 0,000000
11 1684169370 1,400000 -1,000000 -101,000000 0,000000 0,000000
11 1684169371 1,400000 -1,000000 -101,000000 0,000000 0,000000
11 1684169372 1,800000 -1,000000 -101,000000 0,000000 0,000000
11 1684169373 1,800000 -1,000000 -101,000000 0,000000 0,000000
11 1684169374 1,800000 -1,000000 -101,000000 0,000000 0,000000
11 1684169375 1,800000 -1,000000 -101,000000 0,000000 0,000000
11 1684169376 1,800000 -1,000000 -101,000000 0,000000 0,000000
11 1684169377 1,800000 -1,000000 -101,000000 0,000000 0,000000
11 1684169378 1,800000 -1,000000 -101,000000 0,000000 0,000000
11 1684169379 1,800000 -1,000000 -101,000000 0,000000 0,000000
11 1684169380 1,800000 -1,000000 -101,000000 0,000000 0,000000
11 1684169381 1,800000 -1,000000 -101,000000 0,000000 0,000000
11 1684169382 0,800000 -1,000000 -101,000000 0,000000 0,000000
11 1684169383 0,800000 -1,000000 -101,000000 0,000000 0,000000
11 1684169384 0,800000 -1,000000 -101,000000 0,000000 0,000000
11 1684169385 0,800000 -1,000000 -101,000000 0,000000 0,000000
11 1684169386 0,800000 -1,000000 -101,000000 0,000000 0,000000
11 1684169387 1,000000 -1,000000 -101,000000 0,000000 0,000000
11 1684169388 1,000000 -1,000000 -101,000000 0,000000 0,000000
11 1684169389 1,000000 -1,000000 -101,000000 0,000000 0,000000
11 1684169390 1,000000 -1,000000 -101,000000 0,000000 0,000000
11 1684169391 1,000000 -1,000000 -101,000000 0,000000 0,000000
11 1684169392 1,000000 -1,000000 -101,000000 0,000000 0,000000
11 1684169393 1,000000 -1,000000 -101,000000 0,000000 0,000000
11 1684169394 1,000000 -1,000000 -101,000000 0,000000 0,000000
11 1684169395 1,000000 -1,000000 -101,000000 0,000000 0,000000
11 1684169396 1,000000 -1,000000 -101,000000 0,000000 0,000000
11 1684169397 0,600000 -1,000000 -101,000000 0,000000 0,000000
11 1684169398 0,600000 -1,000000 -101,000000 0,000000 0,000000
11 1684169399 0,600000 -1,000000 -101,000000 0,000000 0,000000
11 1684169400 0,600000 -1,000000 -101,000000 0,000000 0,000000
11 1684169401 0,600000 -1,000000 -101,000000 0,000000 0,000000
11 1684169402 0,800000 -1,000000 -101,000000 0,000000 0,000000
11 1684169403 0,800000 -1,000000 -101,000000 0,000000 0,000000
11 1684169404 0,800000 -1,000000 -101,000000 0,000000 0,000000
11 1684169405 0,800000 -1,000000 -101,000000 0,000000 0,000000
11 1684169406 0,800000 -1,000000 -101,000000 0,000000 0,000000
11 1684169407 0,600000 -1,000000 -101,000000 0,000000 0,000000
11 1684169408 0,600000 -1,000000 -101,000000 0,000000 0,000000
11 1684169409 0,600000 -1,000000 -101,000000 0,000000 0,000000
11 1684169410 0,600000 -1,000000 -101,000000 0,000000 0,000000
11 1684169411 0,600000 -1,000000 -101,000000 0,000000 0,000000
11 1684169412 0,800000 -1,000000 -101,000000 0,000000 0,000000
11 1684169413 0,800000 -1,000000 -101,000000 0,000000 0,000000
11 1684169414 0,800000 -1,000000 -101,000000 0,000000 0,000000
11 1684169415 0,800000 -1,000000 -101,000000 0,000000 0,000000
11 1684169416 0,800000 -1,000000 -101,000000 0,000000 0,000000
11 1684169417 1,600000 -1,000000 -101,000000 0,000000 0,000000
11 1684169418 1,600000 -1,000000 -101,000000 0,000000 0,000000
11 1684169419 1,600000 -1,000000 -101,000000 0,000000 0,000000
11 1684169420 1,600000 -1,000000 -101,000000 0,000000 0,000000
11 1684169421 1,600000 -1,000000 -101,000000 0,000000 0,000000
11 1684169422 1,200000 -1,000000 -101,000000 0,000000 0,000000
11 1684169423 1,200000 -1,000000 -101,000000 0,000000 0,000000
11 1684169424 1,200000 -1,000000 -101,000000 0,000000 0,000000
11 1684169425 1,200000 -1,000000 -101,000000 0,000000 0,000000
11 1684169426 1,200000 -1,000000 -101,000000 0,000000 0,000000
11 1684169427 2,000000 -1,000000 -101,000000 0,000000 0,000000
11 1684169428 2,000000 -1,000000 -101,000000 0,000000 0,000000
11 1684169429 2,000000 -1,000000 -101,000000 0,000000 0,000000
11 1684169430 2,000000 -1,000000 -101,000000 0,000000 0,000000
11 1684169431 2,000000 -1,000000 -101,000000 0,000000 0,000000
11 1684169432 1,600000 -1,000000 -101,000000 0,000000 0,000000
11 1684169433 1,600000 -1,000000 -101,000000 0,000000 0,000000
11 1684169434 1,600000 -1,000000 -101,000000 0,000000 0,000000
11 1684169435 1,600000 -1,000000 -101,000000 0,000000 0,000000
11 1684169436 1,600000 -1,000000 -101,000000 0,000000 0,000000
11 1684169437 1,600000 -1,000000 -101,000000 0,000000 0,000000
11 1684169438 1,600000 -1,000000 -101,000000 0,000000 0,000000
11 1684169439 1,600000 -1,000000 -101,000000 0,000000 0,000000
11 1684169440 1,600000 -1,000000 -101,000000 0,000000 0,000000
11 1684169441 1,600000 -1,000000 -101,000000 0,000000 0,000000
11 1684169442 1,200000 -1,000000 -101,000000 0,000000 0,000000
11 1684169443 1,200000 -1,000000 -101,000000 0,000000 0,000000
11 1684169444 1,200000 -1,000000 -101,000000 0,000000 0,000000
11 1684169445 1,200000 -1,000000 -101,000000 0,000000 0,000000
11 1684169446 1,200000 -1,000000 -101,000000 0,000000 0,000000
11 1684169447 0,800000 -1,000000 -101,000000 0,000000 0,000000
11 1684169448 0,800000 -1,000000 -101,000000 0,000000 0,000000
11 1684169449 0,800000 -1,000000 -101,000000 0,000000 0,000000
11 1684169450 0,800000 -1,000000 -101,000000 0,000000 0,000000
11 1684169451 0,800000 -1,000000 -101,000000 0,000000 0,000000
11 1684169452 1,400000 -1,000000 -101,000000 0,000000 0,000000
11 1684169453 1,400000 -1,000000 -101,000000 0,000000 0,000000
11 1684169454 1,400000 -1,000000 -101,000000 0,000000 0,000000
11 1684169455 1,400000 -1,000000 -101,000000 0,000000 0,000000
11 1684169456 1,400000 -1,000000 -101,000000 0,000000 0,000000
11 1684169457 2,000000 -1,000000 -101,000000 0,000000 0,000000
11 1684169458 2,000000 -1,000000 -101,000000 0,000000 0,000000
11 1684169459 2,000000 -1,000000 -101,000000 0,000000 0,000000
11 1684169460 2,000000 -1,000000 -101,000000 0,000000 0,000000
11 1684169461 2,000000 -1,000000 -101,000000 0,000000 0,000000
11 1684169462 0,600000 -1,000000 -101,000000 0,000000 0,000000
11 1684169463 0,600000 -1,000000 -101,000000 0,000000 0,000000
11 1684169464 0,600000 -1,000000 -101,000000 0,000000 0,000000
11 1684169465 0,600000 -1,000000 -101,000000 0,000000 0,000000
11 1684169466 0,600000 -1,000000 -101,000000 0,000000 0,000000
11 1684169467 1,000000 -1,000000 -101,000000 0,000000 0,000000
11 1684169468 1,000000 -1,000000 -101,000000 0,000000 0,000000
11 1684169469 1,000000 -1,000000 -101,000000 0,000000 0,000000
11 1684169470 1,000000 -1,000000 -101,000000 0,000000 0,000000
11 1684169471 1,000000 -1,000000 -101,000000 0,000000 0,000000
11 1684169472 0,600000 -1,000000 -101,000000 0,000000 0,000000
11 1684169473 0,600000 -1,000000 -101,000000 0,000000 0,000000
11 1684169474 0,600000 -1,000000 -101,000000 0,000000 0,000000
11 1684169475 0,600000 -1,000000 -101,000000 0,000000 0,000000
11 1684169476 0,600000 -1,000000 -101,000000 0,000000 0,000000
11 1684169477 1,000000 -1,000000 -101,000000 0,000000 0,000000
11 1684169478 1,000000 -1,000000 -101,000000 0,000000 0,000000
11 1684169479 1,000000 -1,000000 -101,000000 0,000000 0,000000
11 1684169480 1,000000 -1,000000 -101,000000 0,000000 0,000000
11 1684169481 1,000000 -1,000000 -101,000000 0,000000 0,000000
11 1684169482 1,000000 -1,000000 -101,000000 0,000000 0,000000
11 1684169483 1,000000 -1,000000 -101,000000 0,000000 0,000000
11 1684169484 1,000000 -1,000000 -101,000000 0,000000 0,000000
11 1684169485 1,000000 -1,000000 -101,000000 0,000000 0,000000
11 1684169486 1,000000 -1,000000 -101,000000 0,000000 0,000000
11 1684169487 0,400000 -1,000000 -101,000000 0,000000 0,000000
11 1684169488 0,400000 -1,000000 -101,000000 0,000000 0,000000
11 1684169489 0,400000 -1,000000 -101,000000 0,000000 0,000000
11 1684169490 0,400000 -1,000000 -101,000000 0,000000 0,000000
11 1684169491 0,400000 -1,000000 -101,000000 0,000000 0,000000
11 1684169492 0,600000 -1,000000 -101,000000 0,000000 0,000000
11 1684169493 0,600000 -1,000000 -101,000000 0,000000 0,000000
11 1684169494 0,600000 -1,000000 -101,000000 0,000000 0,000000
11 1684169495 0,600000 -1,000000 -101,000000 0,000000 0,000000
11 1684169496 0,600000 -1,000000 -101,000000 0,000000 0,000000
11 1684169497 1,200000 -1,000000 -101,000000 0,000000 0,000000
11 1684169498 1,200000 -1,000000 -101,000000 0,000000 0,000000
11 1684169499 1,200000 -1,000000 -101,000000 0,000000 0,000000
11 1684169500 1,200000 -1,000000 -101,000000 0,000000 0,000000
11 1684169501 1,200000 -1,000000 -101,000000 0,000000 0,000000
11 1684169502 0,800000 -1,000000 -101,000000 0,000000 0,000000
11 1684169503 0,800000 -1,000000 -101,000000 0,000000 0,000000
11 1684169504 0,800000 -1,000000 -101,000000 0,000000 0,000000
11 1684169505 0,800000 -1,000000 -101,000000 0,000000 0,000000
11 1684169506 0,800000 -1,000000 -101,000000 0,000000 0,000000
11 1684169507 0,600000 -1,000000 -101,000000 0,000000 0,000000
11 1684169508 0,600000 -1,000000 -101,000000 0,000000 0,000000
11 1684169509 0,600000 -1,000000 -101,000000 0,000000 0,000000
11 1684169510 0,600000 -1,000000 -101,000000 0,000000 0,000000
11 1684169511 0,600000 -1,000000 -101,000000 0,000000 0,000000
11 1684169512 1,000000 -1,000000 -101,000000 0,000000 0,000000
11 1684169513 1,000000 -1,000000 -101,000000 0,000000 0,000000
11 1684169514 1,000000 -1,000000 -101,000000 0,000000 0,000000
11 1684169515 1,000000 -1,000000 -101,000000 0,000000 0,000000
11 1684169516 1,000000 -1,000000 -101,000000 0,000000 0,000000
11 1684169517 1,400000 -1,000000 -101,000000 0,000000 0,000000
11 1684169518 1,400000 -1,000000 -101,000000 0,000000 0,000000
11 1684169519 1,400000 -1,000000 -101,000000 0,000000 0,000000
11 1684169520 1,400000 -1,000000 -101,000000 0,000000 0,000000
11 1684169521 1,400000 -1,000000 -101,000000 0,000000 0,000000
11 1684169522 1,000000 -1,000000 -101,000000 0,000000 0,000000
11 1684169523 1,000000 -1,000000 -101,000000 0,000000 0,000000
11 1684169524 1,000000 -1,000000 -101,000000 0,000000 0,000000
11 1684169525 1,000000 -1,000000 -101,000000 0,000000 0,000000
11 1684169526 1,000000 -1,000000 -101,000000 0,000000 0,000000
11 1684169527 1,400000 -1,000000 -101,000000 0,000000 0,000000
11 1684169528 1,400000 -1,000000 -101,000000 0,000000 0,000000
11 1684169529 1,400000 -1,000000 -101,000000 0,000000 0,000000
11 1684169530 1,400000 -1,000000 -101,000000 0,000000 0,000000
11 1684169531 1,400000 -1,000000 -101,000000 0,000000 0,000000
11 1684169532 1,400000 -1,000000 -101,000000 0,000000 0,000000
11 1684169533 1,400000 -1,000000 -101,000000 0,000000 0,000000
11 1684169534 1,400000 -1,000000 -101,000000 0,000000 0,000000
11 1684169535 1,400000 -1,000000 -101,000000 0,000000 0,000000
11 1684169596 0,600000 -1,000000 0,600000 0,600000 0,000000
11 1684169595 0,600000 -1,000000 0,600000 0,600000 0,000000
11 1684169594 0,600000 -1,000000 0,600000 0,600000 0,000000
11 1684169593 0,600000 -1,000000 0,600000 0,600000 0,000000
11 1684169592 0,600000 -1,000000 0,600000 0,600000 0,000000
11 1684169591 0,400000 -1,000000 0,400000 0,400000 0,000000
11 1684169590 0,400000 -1,000000 0,400000 0,400000 0,000000
11 1684169589 0,400000 -1,000000 0,400000 0,400000 0,000000
11 1684169588 0,400000 -1,000000 0,400000 0,400000 0,000000
11 1684169587 0,400000 -1,000000 0,400000 0,400000 0,000000
11 1684169586 0,200000 -1,000000 0,200000 0,200000 0,000000
11 1684169585 0,200000 -1,000000 0,200000 0,200000 0,000000
11 1684169584 0,200000 -1,000000 0,200000 0,200000 0,000000
11 1684169583 0,200000 -1,000000 0,200000 0,200000 0,000000
11 1684169582 0,200000 -1,000000 0,200000 0,200000 0,000000
11 1684169581 1,600000 -1,000000 1,600000 1,600000 0,000000
11 1684169580 1,600000 -1,000000 1,600000 1,600000 0,000000
11 1684169579 1,600000 -1,000000 1,600000 1,600000 0,000000
11 1684169578 1,600000 -1,000000 1,600000 1,600000 0,000000
11 1684169577 1,600000 -1,000000 1,600000 1,600000 0,000000
11 1684169576 1,200000 -1,000000 1,200000 1,200000 0,000000
11 1684169575 1,200000 -1,000000 1,200000 1,200000 0,000000
11 1684169574 1,200000 -1,000000 1,200000 1,200000 0,000000
11 1684169573 1,200000 -1,000000 1,200000 1,200000 0,000000
11 1684169572 1,200000 -1,000000 1,200000 1,200000 0,000000
11 1684169571 0,600000 -1,000000 0,600000 0,600000 0,000000
11 1684169570 0,600000 -1,000000 0,600000 0,600000 0,000000
11 1684169569 0,600000 -1,000000 0,600000 0,600000 0,000000
11 1684169568 0,600000 -1,000000 0,600000 0,600000 0,000000
11 1684169567 0,600000 -1,000000 0,600000 0,600000 0,000000
11 1684169566 0,600000 -1,000000 0,600000 0,600000 0,000000
11 1684169565 0,600000 -1,000000 0,600000 0,600000 0,000000
11 1684169564 0,600000 -1,000000 0,600000 0,600000 0,000000
11 1684169563 0,600000 -1,000000 0,600000 0,600000 0,000000
11 1684169562 0,600000 -1,000000 0,600000 0,600000 0,000000
11 1684169561 1,200000 -1,000000 1,200000 1,200000 0,000000
11 1684169560 1,200000 -1,000000 1,200000 1,200000 0,000000
11 1684169559 1,200000 -1,000000 1,200000 1,200000 0,000000
11 1684169558 1,200000 -1,000000 1,200000 1,200000 0,000000
11 1684169557 1,200000 -1,000000 1,200000 1,200000 0,000000
11 1684169556 0,600000 -1,000000 0,600000 0,600000 0,000000
11 1684169555 0,600000 -1,000000 0,600000 0,600000 0,000000
11 1684169554 0,600000 -1,000000 0,600000 0,600000 0,000000
11 1684169553 0,600000 -1,000000 0,600000 0,600000 0,000000
11 1684169552 0,600000 -1,000000 0,600000 0,600000 0,000000
11 1684169551 0,400000 -1,000000 0,400000 0,400000 0,000000
11 1684169550 0,400000 -1,000000 0,400000 0,400000 0,000000
11 1684169549 0,400000 -1,000000 0,400000 0,400000 0,000000
11 1684169548 0,400000 -1,000000 0,400000 0,400000 0,000000
11 1684169547 0,400000 -1,000000 0,400000 0,400000 0,000000
11 1684169546 1,400000 -1,000000 1,400000 1,400000 0,000000
11 1684169545 1,400000 -1,000000 1,400000 1,400000 0,000000
11 1684169544 1,400000 -1,000000 1,400000 1,400000 0,000000
11 1684169543 1,400000 -1,000000 1,400000 1,400000 0,000000
11 1684169542 1,400000 -1,000000 1,400000 1,400000 0,000000
11 1684169541 1,400000 -1,000000 1,400000 1,400000 0,000000
11 1684169540 1,400000 -1,000000 1,400000 1,400000 0,000000
11 1684169539 1,400000 -1,000000 1,400000 1,400000 0,000000
11 1684169538 1,400000 -1,000000 1,400000 1,400000 0,000000
11 1684169537 1,400000 -1,000000 1,400000 1,400000 0,000000
11 1684169536 1,400000 -1,000000 1,400000 1,400000 0,000000
11 1684169536 1,400000 -1,000000 -101,000000 0,000000 0,000000
11 1684169537 1,400000 -1,000000 -101,000000 0,000000 0,000000
11 1684169538 1,400000 -1,000000 -101,000000 0,000000 0,000000
11 1684169539 1,400000 -1,000000 -101,000000 0,000000 0,000000
11 1684169540 1,400000 -1,000000 -101,000000 0,000000 0,000000
11 1684169541 1,400000 -1,000000 -101,000000 0,000000 0,000000
11 1684169542 1,400000 -1,000000 -101,000000 0,000000 0,000000
11 1684169543 1,400000 -1,000000 -101,000000 0,000000 0,000000
11 1684169544 1,400000 -1,000000 -101,000000 0,000000 0,000000
11 1684169545 1,400000 -1,000000 -101,000000 0,000000 0,000000
11 1684169546 1,400000 -1,000000 -101,000000 0,000000 0,000000
11 1684169547 0,400000 -1,000000 -101,000000 0,000000 0,000000
11 1684169548 0,400000 -1,000000 -101,000000 0,000000 0,000000
11 1684169549 0,400000 -1,000000 -101,000000 0,000000 0,000000
11 1684169550 0,400000 -1,000000 -101,000000 0,000000 0,000000
11 1684169551 0,400000 -1,000000 -101,000000 0,000000 0,000000
11 1684169552 0,600000 -1,000000 -101,000000 0,000000 0,000000
11 1684169553 0,600000 -1,000000 -101,000000 0,000000 0,000000
11 1684169554 0,600000 -1,000000 -101,000000 0,000000 0,000000
11 1684169555 0,600000 -1,000000 -101,000000 0,000000 0,000000
11 1684169556 0,600000 -1,000000 -101,000000 0,000000 0,000000
11 1684169557 1,200000 -1,000000 -101,000000 0,000000 0,000000
11 1684169558 1,200000 -1,000000 -101,000000 0,000000 0,000000
11 1684169559 1,200000 -1,000000 -101,000000 0,000000 0,000000
11 1684169560 1,200000 -1,000000 -101,000000 0,000000 0,000000
11 1684169561 1,200000 -1,000000 -101,000000 0,000000 0,000000
11 1684169562 0,600000 -1,000000 -101,000000 0,000000 0,000000
11 1684169563 0,600000 -1,000000 -101,000000 0,000000 0,000000
11 1684169564 0,600000 -1,000000 -101,000000 0,000000 0,000000
11 1684169565 0,600000 -1,000000 -101,000000 0,000000 0,000000
11 1684169566 0,600000 -1,000000 -101,000000 0,000000 0,000000
11 1684169567 0,600000 -1,000000 -101,000000 0,000000 0,000000
11 1684169568 0,600000 -1,000000 -101,000000 0,000000 0,000000
11 1684169569 0,600000 -1,000000 -101,000000 0,000000 0,000000
11 1684169570 0,600000 -1,000000 -101,000000 0,000000 0,000000
11 1684169571 0,600000 -1,000000 -101,000000 0,000000 0,000000
11 1684169572 1,200000 -1,000000 -101,000000 0,000000 0,000000
11 1684169573 1,200000 -1,000000 -101,000000 0,000000 0,000000
11 1684169574 1,200000 -1,000000 -101,000000 0,000000 0,000000
11 1684169575 1,200000 -1,000000 -101,000000 0,000000 0,000000
11 1684169576 1,200000 -1,000000 -101,000000 0,000000 0,000000
11 1684169577 1,600000 -1,000000 -101,000000 0,000000 0,000000
11 1684169578 1,600000 -1,000000 -101,000000 0,000000 0,000000
11 1684169579 1,600000 -1,000000 -101,000000 0,000000 0,000000
11 1684169580 1,600000 -1,000000 -101,000000 0,000000 0,000000
11 1684169581 1,600000 -1,000000 -101,000000 0,000000 0,000000
11 1684169582 0,200000 -1,000000 -101,000000 0,000000 0,000000
11 1684169583 0,200000 -1,000000 -101,000000 0,000000 0,000000
11 1684169584 0,200000 -1,000000 -101,000000 0,000000 0,000000
11 1684169585 0,200000 -1,000000 -101,000000 0,000000 0,000000
11 1684169586 0,200000 -1,000000 -101,000000 0,000000 0,000000
11 1684169587 0,400000 -1,000000 -101,000000 0,000000 0,000000
11 1684169588 0,400000 -1,000000 -101,000000 0,000000 0,000000
11 1684169589 0,400000 -1,000000 -101,000000 0,000000 0,000000
11 1684169590 0,400000 -1,000000 -101,000000 0,000000 0,000000
11 1684169591 0,400000 -1,000000 -101,000000 0,000000 0,000000
11 1684169592 0,600000 -1,000000 -101,000000 0,000000 0,000000
11 1684169593 0,600000 -1,000000 -101,000000 0,000000 0,000000
11 1684169594 0,600000 -1,000000 -101,000000 0,000000 0,000000
11 1684169595 0,600000 -1,000000 -101,000000 0,000000 0,000000
11 1684169596 0,600000 -1,000000 -101,000000 0,000000 0,000000
11 1684169597 1,200000 -1,000000 -101,000000 0,000000 0,000000
11 1684169598 1,200000 -1,000000 -101,000000 0,000000 0,000000
11 1684169599 1,200000 -1,000000 -101,000000 0,000000 0,000000
11 1684169600 1,200000 -1,000000 -101,000000 0,000000 0,000000
11 1684169601 1,200000 -1,000000 -101,000000 0,000000 0,000000
11 1684169602 1,000000 -1,000000 -101,000000 0,000000 0,000000
11 1684169603 1,000000 -1,000000 -101,000000 0,000000 0,000000
11 1684169604 1,000000 -1,000000 -101,000000 0,000000 0,000000
11 1684169605 1,000000 -1,000000 -101,000000 0,000000 0,000000
11 1684169606 1,000000 -1,000000 -101,000000 0,000000 0,000000
11 1684169607 1,400000 -1,000000 -101,000000 0,000000 0,000000
11 1684169608 1,400000 -1,000000 -101,000000 0,000000 0,000000
11 1684169609 1,400000 -1,000000 -101,000000 0,000000 0,000000
11 1684169610 1,400000 -1,000000 -101,000000 0,000000 0,000000
11 1684169611 1,400000 -1,000000 -101,000000 0,000000 0,000000
11 1684169612 2,400000 -1,000000 -101,000000 0,000000 0,000000
11 1684169613 2,400000 -1,000000 -101,000000 0,000000 0,000000
11 1684169614 2,400000 -1,000000 -101,000000 0,000000 0,000000
11 1684169615 2,400000 -1,000000 -101,000000 0,000000 0,000000
11 1684169616 2,400000 -1,000000 -101,000000 0,000000 0,000000
11 1684169617 2,200000 -1,000000 -101,000000 0,000000 0,000000
11 1684169618 2,200000 -1,000000 -101,000000 0,000000 0,000000
11 1684169619 2,200000 -1,000000 -101,000000 0,000000 0,000000
11 1684169620 2,200000 -1,000000 -101,000000 0,000000 0,000000
11 1684169621 2,200000 -1,000000 -101,000000 0,000000 0,000000
11 1684169622 1,800000 -1,000000 -101,000000 0,000000 0,000000
11 1684169623 1,800000 -1,000000 -101,000000 0,000000 0,000000
11 1684169624 1,800000 -1,000000 -101,000000 0,000000 0,000000
11 1684169625 1,800000 -1,000000 -101,000000 0,000000 0,000000
11 1684169626 1,800000 -1,000000 -101,000000 0,000000 0,000000
11 1684169627 3,000000 -1,000000 -101,000000 0,000000 0,000000
11 1684169628 3,000000 -1,000000 -101,000000 0,000000 0,000000
11 1684169629 3,000000 -1,000000 -101,000000 0,000000 0,000000
11 1684169630 3,000000 -1,000000 -101,000000 0,000000 0,000000
11 1684169631 3,000000 -1,000000 -101,000000 0,000000 0,000000
11 1684169632 1,000000 -1,000000 -101,000000 0,000000 0,000000
11 1684169633 1,000000 -1,000000 -101,000000 0,000000 0,000000
11 1684169634 1,000000 -1,000000 -101,000000 0,000000 0,000000
11 1684169635 1,000000 -1,000000 -101,000000 0,000000 0,000000
11 1684169636 1,000000 -1,000000 -101,000000 0,000000 0,000000
11 1684169637 1,600000 -1,000000 -101,000000 0,000000 0,000000
11 1684169638 1,600000 -1,000000 -101,000000 0,000000 0,000000
11 1684169639 1,600000 -1,000000 -101,000000 0,000000 0,000000
11 1684169640 1,600000 -1,000000 -101,000000 0,000000 0,000000
11 1684169641 1,600000 -1,000000 -101,000000 0,000000 0,000000
11 1684169642 0,400000 -1,000000 -101,000000 0,000000 0,000000
11 1684169643 0,400000 -1,000000 -101,000000 0,000000 0,000000
11 1684169644 0,400000 -1,000000 -101,000000 0,000000 0,000000
11 1684169645 0,400000 -1,000000 -101,000000 0,000000 0,000000
11 1684169646 0,400000 -1,000000 -101,000000 0,000000 0,000000
11 1684169647 0,600000 -1,000000 -101,000000 0,000000 0,000000
11 1684169648 0,600000 -1,000000 -101,000000 0,000000 0,000000
11 1684169649 0,600000 -1,000000 -101,000000 0,000000 0,000000
11 1684169650 0,600000 -1,000000 -101,000000 0,000000 0,000000
11 1684169651 0,600000 -1,000000 -101,000000 0,000000 0,000000
11 1684169652 1,600000 -1,000000 -101,000000 0,000000 0,000000
11 1684169653 1,600000 -1,000000 -101,000000 0,000000 0,000000
11 1684169654 1,600000 -1,000000 -101,000000 0,000000 0,000000
11 1684169655 1,600000 -1,000000 -101,000000 0,000000 0,000000
11 1684169656 1,600000 -1,000000 -101,000000 0,000000 0,000000
11 1684169657 0,400000 -1,000000 -101,000000 0,000000 0,000000
11 1684169658 0,400000 -1,000000 -101,000000 0,000000 0,000000
11 1684169659 0,400000 -1,000000 -101,000000 0,000000 0,000000
11 1684169660 0,400000 -1,000000 -101,000000 0,000000 0,000000
11 1684169661 0,400000 -1,000000 -101,000000 0,000000 0,000000
11 1684169662 0,400000 -1,000000 -101,000000 0,000000 0,000000
11 1684169663 0,400000 -1,000000 -101,000000 0,000000 0,000000
11 1684169664 0,400000 -1,000000 -101,000000 0,000000 0,000000
11 1684169665 0,400000 -1,000000 -101,000000 0,000000 0,000000
11 1684169666 0,400000 -1,000000 -101,000000 0,000000 0,000000
11 1684169667 0,600000 -1,000000 -101,000000 0,000000 0,000000
11 1684169668 0,600000 -1,000000 -101,000000 0,000000 0,000000
11 1684169669 0,600000 -1,000000 -101,000000 0,000000 0,000000
11 1684169670 0,600000 -1,000000 -101,000000 0,000000 0,000000
11 1684169671 0,600000 -1,000000 -101,000000 0,000000 0,000000
11 1684169672 1,000000 -1,000000 -101,000000 0,000000 0,000000
11 1684169673 1,000000 -1,000000 -101,000000 0,000000 0,000000
11 1684169674 1,000000 -1,000000 -101,000000 0,000000 0,000000
11 1684169675 1,000000 -1,000000 -101,000000 0,000000 0,000000
11 1684169676 1,000000 -1,000000 -101,000000 0,000000 0,000000
11 1684169677 1,600000 -1,000000 -101,000000 0,000000 0,000000
11 1684169678 1,600000 -1,000000 -101,000000 0,000000 0,000000
11 1684169679 1,600000 -1,000000 -101,000000 0,000000 0,000000
11 1684169680 1,600000 -1,000000 -101,000000 0,000000 0,000000
11 1684169681 1,600000 -1,000000 -101,000000 0,000000 0,000000
11 1684169682 0,600000 -1,000000 -101,000000 0,000000 0,000000
11 1684169683 0,600000 -1,000000 -101,000000 0,000000 0,000000
11 1684169684 0,600000 -1,000000 -101,000000 0,000000 0,000000
11 1684169685 0,600000 -1,000000 -101,000000 0,000000 0,000000
11 1684169686 0,600000 -1,000000 -101,000000 0,000000 0,000000
11 1684169687 1,400000 -1,000000 -101,000000 0,000000 0,000000
11 1684169688 1,400000 -1,000000 -101,000000 0,000000 0,000000
11 1684169689 1,400000 -1,000000 -101,000000 0,000000 0,000000
11 1684169690 1,400000 -1,000000 -101,000000 0,000000 0,000000
11 1684169691 1,400000 -1,000000 -101,000000 0,000000 0,000000
11 1684169692 1,400000 -1,000000 -101,000000 0,000000 0,000000
11 1684169693 1,400000 -1,000000 -101,000000 0,000000 0,000000
11 1684169694 1,400000 -1,000000 -101,000000 0,000000 0,000000
11 1684169695 1,400000 -1,000000 -101,000000 0,000000 0,000000
11 1684169696 1,400000 -1,000000 -101,000000 0,000000 0,000000
11 1684169697 0,600000 -1,000000 -101,000000 0,000000 0,000000
11 1684169698 0,600000 -1,000000 -101,000000 0,000000 0,000000
11 1684169699 0,600000 -1,000000 -101,000000 0,000000 0,000000
11 1684169700 0,600000 -1,000000 -101,000000 0,000000 0,000000
11 1684169701 0,600000 -1,000000 -101,000000 0,000000 0,000000
11 1684169702 0,800000 -1,000000 -101,000000 0,000000 0,000000
11 1684169703 0,800000 -1,000000 -101,000000 0,000000 0,000000
11 1684169704 0,800000 -1,000000 -101,000000 0,000000 0,000000
11 1684169705 0,800000 -1,000000 -101,000000 0,000000 0,000000
11 1684169706 0,800000 -1,000000 -101,000000 0,000000 0,000000
11 1684169707 1,800000 -1,000000 -101,000000 0,000000 0,000000
11 1684169708 1,800000 -1,000000 -101,000000 0,000000 0,000000
11 1684169709 1,800000 -1,000000 -101,000000 0,000000 0,000000
11 1684169710 1,800000 -1,000000 -101,000000 0,000000 0,000000
11 1684169711 1,800000 -1,000000 -101,000000 0,000000 0,000000
11 1684169712 1,800000 -1,000000 -101,000000 0,000000 0,000000
11 1684169713 1,800000 -1,000000 -101,000000 0,000000 0,000000
11 1684169714 1,800000 -1,000000 -101,000000 0,000000 0,000000
11 1684169715 1,800000 -1,000000 -101,000000 0,000000 0,000000
11 1684169716 1,800000 -1,000000 -101,000000 0,000000 0,000000
11 1684169717 0,600000 -1,000000 -101,000000 0,000000 0,000000
11 1684169718 0,600000 -1,000000 -101,000000 0,000000 0,000000
11 1684169719 0,600000 -1,000000 -101,000000 0,000000 0,000000
11 1684169720 0,600000 -1,000000 -101,000000 0,000000 0,000000
11 1684169721 0,600000 -1,000000 -101,000000 0,000000 0,000000
11 1684169722 0,600000 -1,000000 -101,000000 0,000000 0,000000
11 1684169723 0,600000 -1,000000 -101,000000 0,000000 0,000000
11 1684169724 0,600000 -1,000000 -101,000000 0,000000 0,000000
11 1684169725 0,600000 -1,000000 -101,000000 0,000000 0,000000
11 1684169726 0,600000 -1,000000 -101,000000 0,000000 0,000000
11 1684169727 2,000000 -1,000000 -101,000000 0,000000 0,000000
11 1684169728 2,000000 -1,000000 -101,000000 0,000000 0,000000
11 1684169729 2,000000 -1,000000 -101,000000 0,000000 0,000000
11 1684169730 2,000000 -1,000000 -101,000000 0,000000 0,000000
11 1684169731 2,000000 -1,000000 -101,000000 0,000000 0,000000
11 1684169732 0,400000 -1,000000 -101,000000 0,000000 0,000000
11 1684169733 0,400000 -1,000000 -101,000000 0,000000 0,000000
11 1684169734 0,400000 -1,000000 -101,000000 0,000000 0,000000
11 1684169735 0,400000 -1,000000 -101,000000 0,000000 0,000000
11 1684169736 0,400000 -1,000000 -101,000000 0,000000 0,000000
11 1684169737 0,200000 -1,000000 -101,000000 0,000000 0,000000
11 1684169738 0,200000 -1,000000 -101,000000 0,000000 0,000000
11 1684169739 0,200000 -1,000000 -101,000000 0,000000 0,000000
11 1684169740 0,200000 -1,000000 -101,000000 0,000000 0,000000
11 1684169741 0,200000 -1,000000 -101,000000 0,000000 0,000000
11 1684169742 0,600000 -1,000000 -101,000000 0,000000 0,000000
11 1684169743 0,600000 -1,000000 -101,000000 0,000000 0,000000
11 1684169744 0,600000 -1,000000 -101,000000 0,000000 0,000000
11 1684169745 0,600000 -1,000000 -101,000000 0,000000 0,000000
11 1684169746 0,600000 -1,000000 -101,000000 0,000000 0,000000
11 1684169747 0,800000 -1,000000 -101,000000 0,000000 0,000000
11 1684169748 0,800000 -1,000000 -101,000000 0,000000 0,000000
11 1684169749 0,800000 -1,000000 -101,000000 0,000000 0,000000
11 1684169750 0,800000 -1,000000 -101,000000 0,000000 0,000000
11 1684169751 0,800000 -1,000000 -101,000000 0,000000 0,000000
11 1684169752 1,200000 -1,000000 -101,000000 0,000000 0,000000
11 1684169753 1,200000 -1,000000 -101,000000 0,000000 0,000000
11 1684169754 1,200000 -1,000000 -101,000000 0,000000 0,000000
11 1684169755 1,200000 -1,000000 -101,000000 0,000000 0,000000
11 1684169756 1,200000 -1,000000 -101,000000 0,000000 0,000000
11 1684169757 0,600000 -1,000000 -101,000000 0,000000 0,000000
11 1684169758 0,600000 -1,000000 -101,000000 0,000000 0,000000
11 1684169759 0,600000 -1,000000 -101,000000 0,000000 0,000000
11 1684169760 0,600000 -1,000000 -101,000000 0,000000 0,000000
11 1684169761 0,600000 -1,000000 -101,000000 0,000000 0,000000
11 1684169762 1,200000 -1,000000 -101,000000 0,000000 0,000000
11 1684169763 1,200000 -1,000000 -101,000000 0,000000 0,000000
11 1684169764 1,200000 -1,000000 -101,000000 0,000000 0,000000
11 1684169765 1,200000 -1,000000 -101,000000 0,000000 0,000000
11 1684169766 1,200000 -1,000000 -101,000000 0,000000 0,000000
11 1684169767 1,200000 -1,000000 -101,000000 0,000000 0,000000
11 1684169768 1,200000 -1,000000 -101,000000 0,000000 0,000000
11 1684169769 1,200000 -1,000000 -101,000000 0,000000 0,000000
11 1684169770 1,200000 -1,000000 -101,000000 0,000000 0,000000
11 1684169771 1,200000 -1,000000 -101,000000 0,000000 0,000000
11 1684169772 0,600000 -1,000000 -101,000000 0,000000 0,000000
11 1684169773 0,600000 -1,000000 -101,000000 0,000000 0,000000
11 1684169774 0,600000 -1,000000 -101,000000 0,000000 0,000000
11 1684169775 0,600000 -1,000000 -101,000000 0,000000 0,000000
11 1684169776 0,600000 -1,000000 -101,000000 0,000000 0,000000
11 1684169777 1,200000 -1,000000 -101,000000 0,000000 0,000000
11 1684169778 1,200000 -1,000000 -101,000000 0,000000 0,000000
11 1684169779 1,200000 -1,000000 -101,000000 0,000000 0,000000
11 1684169780 1,200000 -1,000000 -101,000000 0,000000 0,000000
11 1684169781 1,200000 -1,000000 -101,000000 0,000000 0,000000
11 1684169782 0,400000 -1,000000 -101,000000 0,000000 0,000000
11 1684169783 0,400000 -1,000000 -101,000000 0,000000 0,000000
11 1684169784 0,400000 -1,000000 -101,000000 0,000000 0,000000
11 1684169785 0,400000 -1,000000 -101,000000 0,000000 0,000000
11 1684169786 0,400000 -1,000000 -101,000000 0,000000 0,000000
11 1684169787 0,400000 -1,000000 -101,000000 0,000000 0,000000
11 1684169788 0,400000 -1,000000 -101,000000 0,000000 0,000000
11 1684169789 0,400000 -1,000000 -101,000000 0,000000 0,000000
11 1684169790 0,400000 -1,000000 -101,000000 0,000000 0,000000
11 1684169791 0,400000 -1,000000 -101,000000 0,000000 0,000000
11 1684169792 1,000000 -1,000000 -101,000000 0,000000 0,000000
11 1684169793 1,000000 -1,000000 -101,000000 0,000000 0,000000
11 1684169794 1,000000 -1,000000 -101,000000 0,000000 0,000000
11 1684169795 1,000000 -1,000000 -101,000000 0,000000 0,000000
11 1684169796 1,000000 -1,000000 -101,000000 0,000000 0,000000
11 1684169797 0,800000 -1,000000 -101,000000 0,000000 0,000000
11 1684169798 0,800000 -1,000000 -101,000000 0,000000 0,000000
11 1684169799 0,800000 -1,000000 -101,000000 0,000000 0,000000
11 1684169800 0,800000 -1,000000 -101,000000 0,000000 0,000000
11 1684169801 0,800000 -1,000000 -101,000000 0,000000 0,000000
11 1684169867 4,000000 -1,000000 4,000000 4,000000 0,000000
11 1684169866 0,200000 -1,000000 0,200000 0,200000 0,000000
11 1684169865 0,200000 -1,000000 0,200000 0,200000 0,000000
11 1684169864 0,200000 -1,000000 0,200000 0,200000 0,000000
11 1684169863 0,200000 -1,000000 0,200000 0,200000 0,000000
11 1684169862 0,200000 -1,000000 0,200000 0,200000 0,000000
11 1684169861 0,200000 -1,000000 0,200000 0,200000 0,000000
11 1684169860 0,200000 -1,000000 0,200000 0,200000 0,000000
11 1684169859 0,200000 -1,000000 0,200000 0,200000 0,000000
11 1684169858 0,200000 -1,000000 0,200000 0,200000 0,000000
11 1684169857 0,200000 -1,000000 0,200000 0,200000 0,000000
11 1684169856 0,800000 -1,000000 0,800000 0,800000 0,000000
11 1684169855 0,800000 -1,000000 0,800000 0,800000 0,000000
11 1684169854 0,800000 -1,000000 0,800000 0,800000 0,000000
11 1684169853 0,800000 -1,000000 0,800000 0,800000 0,000000
11 1684169852 0,800000 -1,000000 0,800000 0,800000 0,000000
11 1684169851 0,200000 -1,000000 0,200000 0,200000 0,000000
11 1684169850 0,200000 -1,000000 0,200000 0,200000 0,000000
11 1684169849 0,200000 -1,000000 0,200000 0,200000 0,000000
11 1684169848 0,200000 -1,000000 0,200000 0,200000 0,000000
11 1684169847 0,200000 -1,000000 0,200000 0,200000 0,000000
11 1684169846 0,200000 -1,000000 0,200000 0,200000 0,000000
11 1684169845 0,200000 -1,000000 0,200000 0,200000 0,000000
11 1684169844 0,200000 -1,000000 0,200000 0,200000 0,000000
11 1684169843 0,200000 -1,000000 0,200000 0,200000 0,000000
11 1684169842 0,200000 -1,000000 0,200000 0,200000 0,000000
11 1684169841 0,800000 -1,000000 0,800000 0,800000 0,000000
11 1684169840 0,800000 -1,000000 0,800000 0,800000 0,000000
11 1684169839 0,800000 -1,000000 0,800000 0,800000 0,000000
11 1684169838 0,800000 -1,000000 0,800000 0,800000 0,000000
11 1684169837 0,800000 -1,000000 0,800000 0,800000 0,000000
11 1684169836 0,200000 -1,000000 0,200000 0,200000 0,000000
11 1684169835 0,200000 -1,000000 0,200000 0,200000 0,000000
11 1684169834 0,200000 -1,000000 0,200000 0,200000 0,000000
11 1684169833 0,200000 -1,000000 0,200000 0,200000 0,000000
11 1684169832 0,200000 -1,000000 0,200000 0,200000 0,000000
11 1684169831 1,000000 -1,000000 1,000000 1,000000 0,000000
11 1684169830 1,000000 -1,000000 1,000000 1,000000 0,000000
11 1684169829 1,000000 -1,000000 1,000000 1,000000 0,000000
11 1684169828 1,000000 -1,000000 1,000000 1,000000 0,000000
11 1684169827 1,000000 -1,000000 1,000000 1,000000 0,000000
11 1684169826 0,400000 -1,000000 0,400000 0,400000 0,000000
11 1684169825 0,400000 -1,000000 0,400000 0,400000 0,000000
11 1684169824 0,400000 -1,000000 0,400000 0,400000 0,000000
11 1684169823 0,400000 -1,000000 0,400000 0,400000 0,000000
11 1684169822 0,400000 -1,000000 0,400000 0,400000 0,000000
11 1684169821 0,400000 -1,000000 0,400000 0,400000 0,000000
11 1684169820 0,400000 -1,000000 0,400000 0,400000 0,000000
11 1684169819 0,400000 -1,000000 0,400000 0,400000 0,000000
11 1684169818 0,400000 -1,000000 0,400000 0,400000 0,000000
11 1684169817 0,400000 -1,000000 0,400000 0,400000 0,000000
11 1684169816 0,200000 -1,000000 0,200000 0,200000 0,000000
11 1684169815 0,200000 -1,000000 0,200000 0,200000 0,000000
11 1684169814 0,200000 -1,000000 0,200000 0,200000 0,000000
11 1684169813 0,200000 -1,000000 0,200000 0,200000 0,000000
11 1684169812 0,200000 -1,000000 0,200000 0,200000 0,000000
11 1684169811 0,200000 -1,000000 0,200000 0,200000 0,000000
11 1684169810 0,200000 -1,000000 0,200000 0,200000 0,000000
11 1684169809 0,200000 -1,000000 0,200000 0,200000 0,000000
11 1684169808 0,200000 -1,000000 0,200000 0,200000 0,000000
11 1684169807 0,200000 -1,000000 0,200000 0,200000 0,000000
